Device_id,Model ID,Task ID,Stream ID,Op Name,OP Type,OP State,Task Type,Task Start Time(us),Task Duration(us),Task Wait Time(us),Block Num,Mix Block Num,HF32 Eligible,Input Shapes,Input Data Types,Input Formats,Output Shapes,Output Data Types,Output Formats,Context ID,aicore_time(us),aic_total_cycles,aic_mac_time(us),aic_mac_ratio,aic_scalar_time(us),aic_scalar_ratio,aic_mte1_time(us),aic_mte1_ratio,aic_mte2_time(us),aic_mte2_ratio,aic_fixpipe_time(us),aic_fixpipe_ratio,aic_icache_miss_rate,aiv_time(us),aiv_total_cycles,aiv_vec_time(us),aiv_vec_ratio,aiv_scalar_time(us),aiv_scalar_ratio,aiv_mte2_time(us),aiv_mte2_ratio,aiv_mte3_time(us),aiv_mte3_ratio,aiv_icache_miss_rate,cube_utilization(%)
0,4294967295,1,42,PYPTO_relu_kernel_2d,N/A,N/A,N/A,1784178159447637.394	,245.065,0,0,0,N/A,N/A,N/A,N/A,N/A,N/A,N/A,N/A,N/A,N/A,N/A,N/A,N/A,N/A,N/A,N/A,N/A,N/A,N/A,N/A,N/A,N/A,N/A,N/A,N/A,N/A,N/A,N/A,N/A,N/A,N/A,N/A,N/A
0,4294967295,2,43,PYPTO_relu_kernel_2d,N/A,N/A,N/A,1784178159447648.835	,343.246,0.000000,0,0,N/A,N/A,N/A,N/A,N/A,N/A,N/A,N/A,N/A,N/A,N/A,N/A,N/A,N/A,N/A,N/A,N/A,N/A,N/A,N/A,N/A,N/A,N/A,N/A,N/A,N/A,N/A,N/A,N/A,N/A,N/A,N/A,N/A
0,4294967295,1,46,PYPTO_relu_kernel_2d,N/A,N/A,N/A,1784178159447745.836	,229.585,0.000000,0,0,N/A,N/A,N/A,N/A,N/A,N/A,N/A,0,0.0,7222831,0.0,0.0,0.0,0.923,0.0,0.0,0.0,0.0,0.0,0.0,0.001,0.0,0,0.0,0.0,0.0,0.0,0.0,0.0,0.0,0.0,0.0,95.334
0,4294967295,3,42,PYPTO_relu_kernel_2d,N/A,N/A,N/A,1784178159448123.664	,104.282,148.415000,0,0,N/A,N/A,N/A,N/A,N/A,N/A,N/A,N/A,N/A,N/A,N/A,N/A,N/A,N/A,N/A,N/A,N/A,N/A,N/A,N/A,N/A,N/A,N/A,N/A,N/A,N/A,N/A,N/A,N/A,N/A,N/A,N/A,N/A
0,4294967295,4,43,PYPTO_relu_kernel_2d,N/A,N/A,N/A,1784178159448135.684	,174.324,0.000000,0,0,N/A,N/A,N/A,N/A,N/A,N/A,N/A,N/A,N/A,N/A,N/A,N/A,N/A,N/A,N/A,N/A,N/A,N/A,N/A,N/A,N/A,N/A,N/A,N/A,N/A,N/A,N/A,N/A,N/A,N/A,N/A,N/A,N/A
0,4294967295,3,46,PYPTO_relu_kernel_2d,N/A,N/A,N/A,1784178159448143.964	,162.024,0.000000,0,0,N/A,N/A,N/A,N/A,N/A,N/A,N/A,0,0.0,4999562,0.0,0.0,0.0,0.943,0.0,0.0,0.0,0.0,0.0,0.0,0.0,0.0,0,0.0,0.0,0.0,0.0,0.0,0.0,0.0,0.0,0.0,93.506
0,4294967295,5,42,PYPTO_relu_kernel_2d,N/A,N/A,N/A,1784178159448307.728	,122.182,1.726000,0,0,N/A,N/A,N/A,N/A,N/A,N/A,N/A,N/A,N/A,N/A,N/A,N/A,N/A,N/A,N/A,N/A,N/A,N/A,N/A,N/A,N/A,N/A,N/A,N/A,N/A,N/A,N/A,N/A,N/A,N/A,N/A,N/A,N/A
0,4294967295,6,43,PYPTO_relu_kernel_2d,N/A,N/A,N/A,1784178159448310.068	,205.804,0.000000,0,0,N/A,N/A,N/A,N/A,N/A,N/A,N/A,N/A,N/A,N/A,N/A,N/A,N/A,N/A,N/A,N/A,N/A,N/A,N/A,N/A,N/A,N/A,N/A,N/A,N/A,N/A,N/A,N/A,N/A,N/A,N/A,N/A,N/A
0,4294967295,5,46,PYPTO_relu_kernel_2d,N/A,N/A,N/A,1784178159448311.428	,195.044,0.000000,0,0,N/A,N/A,N/A,N/A,N/A,N/A,N/A,0,0.0,6113377,0.0,0.0,0.0,0.949,0.0,0.0,0.0,0.0,0.0,0.0,0.0,0.0,0,0.0,0.0,0.0,0.0,0.0,0.0,0.0,0.0,0.0,94.981
0,4294967295,7,42,PYPTO_relu_kernel_2d,N/A,N/A,N/A,1784178159448507.912	,77.301,1.456000,0,0,N/A,N/A,N/A,N/A,N/A,N/A,N/A,N/A,N/A,N/A,N/A,N/A,N/A,N/A,N/A,N/A,N/A,N/A,N/A,N/A,N/A,N/A,N/A,N/A,N/A,N/A,N/A,N/A,N/A,N/A,N/A,N/A,N/A
0,4294967295,7,46,PYPTO_relu_kernel_2d,N/A,N/A,N/A,1784178159448509.052	,155.383,0.000000,0,0,N/A,N/A,N/A,N/A,N/A,N/A,N/A,0,0.0,4806970,0.0,0.0,0.0,0.945,0.0,0.0,0.0,0.0,0.0,0.0,0.0,0.0,0,0.0,0.0,0.0,0.0,0.0,0.0,0.0,0.0,0.0,93.746
0,4294967295,8,43,PYPTO_relu_kernel_2d,N/A,N/A,N/A,1784178159448515.932	,155.523,0.000000,0,0,N/A,N/A,N/A,N/A,N/A,N/A,N/A,N/A,N/A,N/A,N/A,N/A,N/A,N/A,N/A,N/A,N/A,N/A,N/A,N/A,N/A,N/A,N/A,N/A,N/A,N/A,N/A,N/A,N/A,N/A,N/A,N/A,N/A
0,4294967295,9,42,PYPTO_relu_kernel_2d,N/A,N/A,N/A,1784178159448666.115	,62.301,0.000000,0,0,N/A,N/A,N/A,N/A,N/A,N/A,N/A,N/A,N/A,N/A,N/A,N/A,N/A,N/A,N/A,N/A,N/A,N/A,N/A,N/A,N/A,N/A,N/A,N/A,N/A,N/A,N/A,N/A,N/A,N/A,N/A,N/A,N/A
0,4294967295,9,46,PYPTO_relu_kernel_2d,N/A,N/A,N/A,1784178159448667.435	,139.903,0.000000,0,0,N/A,N/A,N/A,N/A,N/A,N/A,N/A,0,0.0,4283807,0.0,0.0,0.0,0.936,0.0,0.0,0.0,0.0,0.0,0.0,0.0,0.0,0,0.0,0.0,0.0,0.0,0.0,0.0,0.0,0.0,0.0,92.787
0,4294967295,10,43,PYPTO_relu_kernel_2d,N/A,N/A,N/A,1784178159448671.515	,139.663,0.000000,0,0,N/A,N/A,N/A,N/A,N/A,N/A,N/A,N/A,N/A,N/A,N/A,N/A,N/A,N/A,N/A,N/A,N/A,N/A,N/A,N/A,N/A,N/A,N/A,N/A,N/A,N/A,N/A,N/A,N/A,N/A,N/A,N/A,N/A
0,4294967295,11,42,PYPTO_relu_kernel_2d,N/A,N/A,N/A,1784178159448808.698	,85.001,0.000000,0,0,N/A,N/A,N/A,N/A,N/A,N/A,N/A,N/A,N/A,N/A,N/A,N/A,N/A,N/A,N/A,N/A,N/A,N/A,N/A,N/A,N/A,N/A,N/A,N/A,N/A,N/A,N/A,N/A,N/A,N/A,N/A,N/A,N/A
0,4294967295,11,46,PYPTO_relu_kernel_2d,N/A,N/A,N/A,1784178159448810.018	,159.623,0.000000,0,0,N/A,N/A,N/A,N/A,N/A,N/A,N/A,0,0.0,4931978,0.0,0.0,0.0,0.953,0.0,0.0,0.0,0.0,0.0,0.0,0.0,0.0,0,0.0,0.0,0.0,0.0,0.0,0.0,0.0,0.0,0.0,93.629
0,4294967295,12,43,PYPTO_relu_kernel_2d,N/A,N/A,N/A,1784178159448811.238	,166.643,0.000000,0,0,N/A,N/A,N/A,N/A,N/A,N/A,N/A,N/A,N/A,N/A,N/A,N/A,N/A,N/A,N/A,N/A,N/A,N/A,N/A,N/A,N/A,N/A,N/A,N/A,N/A,N/A,N/A,N/A,N/A,N/A,N/A,N/A,N/A
0,4294967295,13,42,PYPTO_relu_kernel_2d,N/A,N/A,N/A,1784178159448971.261	,85.902,0.000000,0,0,N/A,N/A,N/A,N/A,N/A,N/A,N/A,N/A,N/A,N/A,N/A,N/A,N/A,N/A,N/A,N/A,N/A,N/A,N/A,N/A,N/A,N/A,N/A,N/A,N/A,N/A,N/A,N/A,N/A,N/A,N/A,N/A,N/A
0,4294967295,13,46,PYPTO_relu_kernel_2d,N/A,N/A,N/A,1784178159448972.601	,166.403,0.000000,0,0,N/A,N/A,N/A,N/A,N/A,N/A,N/A,0,0.0,5130685,0.0,0.0,0.0,0.939,0.0,0.0,0.0,0.0,0.0,0.0,0.0,0.0,0,0.0,0.0,0.0,0.0,0.0,0.0,0.0,0.0,0.0,93.433
0,4294967295,14,43,PYPTO_relu_kernel_2d,N/A,N/A,N/A,1784178159448977.941	,167.603,0.000000,0,0,N/A,N/A,N/A,N/A,N/A,N/A,N/A,N/A,N/A,N/A,N/A,N/A,N/A,N/A,N/A,N/A,N/A,N/A,N/A,N/A,N/A,N/A,N/A,N/A,N/A,N/A,N/A,N/A,N/A,N/A,N/A,N/A,N/A
0,4294967295,15,42,PYPTO_relu_kernel_2d,N/A,N/A,N/A,1784178159449140.624	,71.662,0.000000,0,0,N/A,N/A,N/A,N/A,N/A,N/A,N/A,N/A,N/A,N/A,N/A,N/A,N/A,N/A,N/A,N/A,N/A,N/A,N/A,N/A,N/A,N/A,N/A,N/A,N/A,N/A,N/A,N/A,N/A,N/A,N/A,N/A,N/A
0,4294967295,15,46,PYPTO_relu_kernel_2d,N/A,N/A,N/A,1784178159449141.924	,150.683,0.000000,0,0,N/A,N/A,N/A,N/A,N/A,N/A,N/A,0,0.0,4616030,0.0,0.0,0.0,0.94,0.0,0.0,0.0,0.0,0.0,0.0,0.0,0.0,0,0.0,0.0,0.0,0.0,0.0,0.0,0.0,0.0,0.0,92.830
0,4294967295,16,43,PYPTO_relu_kernel_2d,N/A,N/A,N/A,1784178159449145.604	,150.303,0.000000,0,0,N/A,N/A,N/A,N/A,N/A,N/A,N/A,N/A,N/A,N/A,N/A,N/A,N/A,N/A,N/A,N/A,N/A,N/A,N/A,N/A,N/A,N/A,N/A,N/A,N/A,N/A,N/A,N/A,N/A,N/A,N/A,N/A,N/A
0,4294967295,17,42,PYPTO_relu_kernel_2d,N/A,N/A,N/A,1784178159449294.167	,87.962,0.000000,0,0,N/A,N/A,N/A,N/A,N/A,N/A,N/A,N/A,N/A,N/A,N/A,N/A,N/A,N/A,N/A,N/A,N/A,N/A,N/A,N/A,N/A,N/A,N/A,N/A,N/A,N/A,N/A,N/A,N/A,N/A,N/A,N/A,N/A
0,4294967295,17,46,PYPTO_relu_kernel_2d,N/A,N/A,N/A,1784178159449295.467	,166.864,0.000000,0,0,N/A,N/A,N/A,N/A,N/A,N/A,N/A,0,0.0,5169962,0.0,0.0,0.0,0.947,0.0,0.0,0.0,0.0,0.0,0.0,0.0,0.0,0,0.0,0.0,0.0,0.0,0.0,0.0,0.0,0.0,0.0,93.888
0,4294967295,18,43,PYPTO_relu_kernel_2d,N/A,N/A,N/A,1784178159449295.967	,174.104,0.000000,0,0,N/A,N/A,N/A,N/A,N/A,N/A,N/A,N/A,N/A,N/A,N/A,N/A,N/A,N/A,N/A,N/A,N/A,N/A,N/A,N/A,N/A,N/A,N/A,N/A,N/A,N/A,N/A,N/A,N/A,N/A,N/A,N/A,N/A
0,4294967295,19,42,PYPTO_relu_kernel_2d,N/A,N/A,N/A,1784178159449463.871	,83.741,0.000000,0,0,N/A,N/A,N/A,N/A,N/A,N/A,N/A,N/A,N/A,N/A,N/A,N/A,N/A,N/A,N/A,N/A,N/A,N/A,N/A,N/A,N/A,N/A,N/A,N/A,N/A,N/A,N/A,N/A,N/A,N/A,N/A,N/A,N/A
0,4294967295,19,46,PYPTO_relu_kernel_2d,N/A,N/A,N/A,1784178159449465.191	,164.023,0.000000,0,0,N/A,N/A,N/A,N/A,N/A,N/A,N/A,0,0.0,5032230,0.0,0.0,0.0,0.946,0.0,0.0,0.0,0.0,0.0,0.0,0.0,0.0,0,0.0,0.0,0.0,0.0,0.0,0.0,0.0,0.0,0.0,92.970
0,4294967295,20,43,PYPTO_relu_kernel_2d,N/A,N/A,N/A,1784178159449470.151	,165.223,0.000000,0,0,N/A,N/A,N/A,N/A,N/A,N/A,N/A,N/A,N/A,N/A,N/A,N/A,N/A,N/A,N/A,N/A,N/A,N/A,N/A,N/A,N/A,N/A,N/A,N/A,N/A,N/A,N/A,N/A,N/A,N/A,N/A,N/A,N/A
0,4294967295,21,42,PYPTO_relu_kernel_2d,N/A,N/A,N/A,1784178159449630.594	,60.421,0.000000,0,0,N/A,N/A,N/A,N/A,N/A,N/A,N/A,N/A,N/A,N/A,N/A,N/A,N/A,N/A,N/A,N/A,N/A,N/A,N/A,N/A,N/A,N/A,N/A,N/A,N/A,N/A,N/A,N/A,N/A,N/A,N/A,N/A,N/A
0,4294967295,21,46,PYPTO_relu_kernel_2d,N/A,N/A,N/A,1784178159449631.934	,137.503,0.000000,0,0,N/A,N/A,N/A,N/A,N/A,N/A,N/A,0,0.0,4179135,0.0,0.0,0.0,0.935,0.0,0.0,0.0,0.0,0.0,0.0,0.0,0.0,0,0.0,0.0,0.0,0.0,0.0,0.0,0.0,0.0,0.0,92.100
0,4294967295,22,43,PYPTO_relu_kernel_2d,N/A,N/A,N/A,1784178159449635.434	,137.143,0.000000,0,0,N/A,N/A,N/A,N/A,N/A,N/A,N/A,N/A,N/A,N/A,N/A,N/A,N/A,N/A,N/A,N/A,N/A,N/A,N/A,N/A,N/A,N/A,N/A,N/A,N/A,N/A,N/A,N/A,N/A,N/A,N/A,N/A,N/A
0,4294967295,23,42,PYPTO_relu_kernel_2d,N/A,N/A,N/A,1784178159449770.837	,76.361,0.000000,0,0,N/A,N/A,N/A,N/A,N/A,N/A,N/A,N/A,N/A,N/A,N/A,N/A,N/A,N/A,N/A,N/A,N/A,N/A,N/A,N/A,N/A,N/A,N/A,N/A,N/A,N/A,N/A,N/A,N/A,N/A,N/A,N/A,N/A
0,4294967295,23,46,PYPTO_relu_kernel_2d,N/A,N/A,N/A,1784178159449772.137	,151.343,0.000000,0,0,N/A,N/A,N/A,N/A,N/A,N/A,N/A,0,0.0,4644179,0.0,0.0,0.0,0.946,0.0,0.0,0.0,0.0,0.0,0.0,0.0,0.0,0,0.0,0.0,0.0,0.0,0.0,0.0,0.0,0.0,0.0,92.989
0,4294967295,24,43,PYPTO_relu_kernel_2d,N/A,N/A,N/A,1784178159449772.637	,158.343,0.000000,0,0,N/A,N/A,N/A,N/A,N/A,N/A,N/A,N/A,N/A,N/A,N/A,N/A,N/A,N/A,N/A,N/A,N/A,N/A,N/A,N/A,N/A,N/A,N/A,N/A,N/A,N/A,N/A,N/A,N/A,N/A,N/A,N/A,N/A
0,4294967295,25,42,PYPTO_relu_kernel_2d,N/A,N/A,N/A,1784178159449924.960	,73.601,0.000000,0,0,N/A,N/A,N/A,N/A,N/A,N/A,N/A,N/A,N/A,N/A,N/A,N/A,N/A,N/A,N/A,N/A,N/A,N/A,N/A,N/A,N/A,N/A,N/A,N/A,N/A,N/A,N/A,N/A,N/A,N/A,N/A,N/A,N/A
0,4294967295,25,46,PYPTO_relu_kernel_2d,N/A,N/A,N/A,1784178159449926.260	,151.403,0.000000,0,0,N/A,N/A,N/A,N/A,N/A,N/A,N/A,0,0.0,4651063,0.0,0.0,0.0,0.945,0.0,0.0,0.0,0.0,0.0,0.0,0.0,0.0,0,0.0,0.0,0.0,0.0,0.0,0.0,0.0,0.0,0.0,93.090
0,4294967295,26,43,PYPTO_relu_kernel_2d,N/A,N/A,N/A,1784178159449931.040	,153.243,0.000000,0,0,N/A,N/A,N/A,N/A,N/A,N/A,N/A,N/A,N/A,N/A,N/A,N/A,N/A,N/A,N/A,N/A,N/A,N/A,N/A,N/A,N/A,N/A,N/A,N/A,N/A,N/A,N/A,N/A,N/A,N/A,N/A,N/A,N/A
0,4294967295,27,42,PYPTO_relu_kernel_2d,N/A,N/A,N/A,1784178159450079.663	,64.121,0.000000,0,0,N/A,N/A,N/A,N/A,N/A,N/A,N/A,N/A,N/A,N/A,N/A,N/A,N/A,N/A,N/A,N/A,N/A,N/A,N/A,N/A,N/A,N/A,N/A,N/A,N/A,N/A,N/A,N/A,N/A,N/A,N/A,N/A,N/A
0,4294967295,27,46,PYPTO_relu_kernel_2d,N/A,N/A,N/A,1784178159450080.783	,142.643,0.000000,0,0,N/A,N/A,N/A,N/A,N/A,N/A,N/A,0,0.0,4374683,0.0,0.0,0.0,0.935,0.0,0.0,0.0,0.0,0.0,0.0,0.0,0.0,0,0.0,0.0,0.0,0.0,0.0,0.0,0.0,0.0,0.0,92.936
0,4294967295,28,43,PYPTO_relu_kernel_2d,N/A,N/A,N/A,1784178159450084.343	,142.283,0.000000,0,0,N/A,N/A,N/A,N/A,N/A,N/A,N/A,N/A,N/A,N/A,N/A,N/A,N/A,N/A,N/A,N/A,N/A,N/A,N/A,N/A,N/A,N/A,N/A,N/A,N/A,N/A,N/A,N/A,N/A,N/A,N/A,N/A,N/A
0,4294967295,29,42,PYPTO_relu_kernel_2d,N/A,N/A,N/A,1784178159450225.026	,88.962,0.000000,0,0,N/A,N/A,N/A,N/A,N/A,N/A,N/A,N/A,N/A,N/A,N/A,N/A,N/A,N/A,N/A,N/A,N/A,N/A,N/A,N/A,N/A,N/A,N/A,N/A,N/A,N/A,N/A,N/A,N/A,N/A,N/A,N/A,N/A
0,4294967295,29,46,PYPTO_relu_kernel_2d,N/A,N/A,N/A,1784178159450226.326	,161.663,0.000000,0,0,N/A,N/A,N/A,N/A,N/A,N/A,N/A,0,0.0,5003357,0.0,0.0,0.0,0.952,0.0,0.0,0.0,0.0,0.0,0.0,0.0,0.0,0,0.0,0.0,0.0,0.0,0.0,0.0,0.0,0.0,0.0,93.786
0,4294967295,30,43,PYPTO_relu_kernel_2d,N/A,N/A,N/A,1784178159450226.686	,167.703,0.000000,0,0,N/A,N/A,N/A,N/A,N/A,N/A,N/A,N/A,N/A,N/A,N/A,N/A,N/A,N/A,N/A,N/A,N/A,N/A,N/A,N/A,N/A,N/A,N/A,N/A,N/A,N/A,N/A,N/A,N/A,N/A,N/A,N/A,N/A
0,4294967295,31,42,PYPTO_relu_kernel_2d,N/A,N/A,N/A,1784178159450389.329	,72.882,0.000000,0,0,N/A,N/A,N/A,N/A,N/A,N/A,N/A,N/A,N/A,N/A,N/A,N/A,N/A,N/A,N/A,N/A,N/A,N/A,N/A,N/A,N/A,N/A,N/A,N/A,N/A,N/A,N/A,N/A,N/A,N/A,N/A,N/A,N/A
0,4294967295,31,46,PYPTO_relu_kernel_2d,N/A,N/A,N/A,1784178159450390.629	,158.943,0.000000,0,0,N/A,N/A,N/A,N/A,N/A,N/A,N/A,0,0.0,4902250,0.0,0.0,0.0,0.934,0.0,0.0,0.0,0.0,0.0,0.0,0.0,0.0,0,0.0,0.0,0.0,0.0,0.0,0.0,0.0,0.0,0.0,93.463
0,4294967295,32,43,PYPTO_relu_kernel_2d,N/A,N/A,N/A,1784178159450394.449	,161.084,0.000000,0,0,N/A,N/A,N/A,N/A,N/A,N/A,N/A,N/A,N/A,N/A,N/A,N/A,N/A,N/A,N/A,N/A,N/A,N/A,N/A,N/A,N/A,N/A,N/A,N/A,N/A,N/A,N/A,N/A,N/A,N/A,N/A,N/A,N/A
0,4294967295,33,42,PYPTO_relu_kernel_2d,N/A,N/A,N/A,1784178159450551.133	,57.101,0.000000,0,0,N/A,N/A,N/A,N/A,N/A,N/A,N/A,N/A,N/A,N/A,N/A,N/A,N/A,N/A,N/A,N/A,N/A,N/A,N/A,N/A,N/A,N/A,N/A,N/A,N/A,N/A,N/A,N/A,N/A,N/A,N/A,N/A,N/A
0,4294967295,33,46,PYPTO_relu_kernel_2d,N/A,N/A,N/A,1784178159450552.433	,134.682,0.000000,0,0,N/A,N/A,N/A,N/A,N/A,N/A,N/A,0,0.0,4098785,0.0,0.0,0.0,0.935,0.0,0.0,0.0,0.0,0.0,0.0,0.0,0.0,0,0.0,0.0,0.0,0.0,0.0,0.0,0.0,0.0,0.0,92.221
0,4294967295,34,43,PYPTO_relu_kernel_2d,N/A,N/A,N/A,1784178159450555.593	,134.662,0.000000,0,0,N/A,N/A,N/A,N/A,N/A,N/A,N/A,N/A,N/A,N/A,N/A,N/A,N/A,N/A,N/A,N/A,N/A,N/A,N/A,N/A,N/A,N/A,N/A,N/A,N/A,N/A,N/A,N/A,N/A,N/A,N/A,N/A,N/A
0,4294967295,35,42,PYPTO_relu_kernel_2d,N/A,N/A,N/A,1784178159450688.875	,105.822,0.000000,0,0,N/A,N/A,N/A,N/A,N/A,N/A,N/A,N/A,N/A,N/A,N/A,N/A,N/A,N/A,N/A,N/A,N/A,N/A,N/A,N/A,N/A,N/A,N/A,N/A,N/A,N/A,N/A,N/A,N/A,N/A,N/A,N/A,N/A
0,4294967295,35,46,PYPTO_relu_kernel_2d,N/A,N/A,N/A,1784178159450690.195	,177.844,0.000000,0,0,N/A,N/A,N/A,N/A,N/A,N/A,N/A,0,0.0,5530452,0.0,0.0,0.0,0.952,0.0,0.0,0.0,0.0,0.0,0.0,0.0,0.0,0,0.0,0.0,0.0,0.0,0.0,0.0,0.0,0.0,0.0,94.234
0,4294967295,36,43,PYPTO_relu_kernel_2d,N/A,N/A,N/A,1784178159450690.315	,186.984,0.000000,0,0,N/A,N/A,N/A,N/A,N/A,N/A,N/A,N/A,N/A,N/A,N/A,N/A,N/A,N/A,N/A,N/A,N/A,N/A,N/A,N/A,N/A,N/A,N/A,N/A,N/A,N/A,N/A,N/A,N/A,N/A,N/A,N/A,N/A
0,4294967295,37,42,PYPTO_relu_kernel_2d,N/A,N/A,N/A,1784178159450869.519	,76.741,0.000000,0,0,N/A,N/A,N/A,N/A,N/A,N/A,N/A,N/A,N/A,N/A,N/A,N/A,N/A,N/A,N/A,N/A,N/A,N/A,N/A,N/A,N/A,N/A,N/A,N/A,N/A,N/A,N/A,N/A,N/A,N/A,N/A,N/A,N/A
0,4294967295,37,46,PYPTO_relu_kernel_2d,N/A,N/A,N/A,1784178159450870.859	,158.203,0.000000,0,0,N/A,N/A,N/A,N/A,N/A,N/A,N/A,0,0.0,4878215,0.0,0.0,0.0,0.933,0.0,0.0,0.0,0.0,0.0,0.0,0.0,0.0,0,0.0,0.0,0.0,0.0,0.0,0.0,0.0,0.0,0.0,93.440
0,4294967295,38,43,PYPTO_relu_kernel_2d,N/A,N/A,N/A,1784178159450877.359	,157.943,0.000000,0,0,N/A,N/A,N/A,N/A,N/A,N/A,N/A,N/A,N/A,N/A,N/A,N/A,N/A,N/A,N/A,N/A,N/A,N/A,N/A,N/A,N/A,N/A,N/A,N/A,N/A,N/A,N/A,N/A,N/A,N/A,N/A,N/A,N/A
0,4294967295,39,42,PYPTO_relu_kernel_2d,N/A,N/A,N/A,1784178159451030.302	,61.081,0.000000,0,0,N/A,N/A,N/A,N/A,N/A,N/A,N/A,N/A,N/A,N/A,N/A,N/A,N/A,N/A,N/A,N/A,N/A,N/A,N/A,N/A,N/A,N/A,N/A,N/A,N/A,N/A,N/A,N/A,N/A,N/A,N/A,N/A,N/A
0,4294967295,39,46,PYPTO_relu_kernel_2d,N/A,N/A,N/A,1784178159451031.622	,140.463,0.000000,0,0,N/A,N/A,N/A,N/A,N/A,N/A,N/A,0,0.0,4309644,0.0,0.0,0.0,0.935,0.0,0.0,0.0,0.0,0.0,0.0,0.0,0.0,0,0.0,0.0,0.0,0.0,0.0,0.0,0.0,0.0,0.0,92.975
0,4294967295,40,43,PYPTO_relu_kernel_2d,N/A,N/A,N/A,1784178159451035.362	,139.843,0.000000,0,0,N/A,N/A,N/A,N/A,N/A,N/A,N/A,N/A,N/A,N/A,N/A,N/A,N/A,N/A,N/A,N/A,N/A,N/A,N/A,N/A,N/A,N/A,N/A,N/A,N/A,N/A,N/A,N/A,N/A,N/A,N/A,N/A,N/A
0,4294967295,41,42,PYPTO_relu_kernel_2d,N/A,N/A,N/A,1784178159451173.545	,74.221,0.000000,0,0,N/A,N/A,N/A,N/A,N/A,N/A,N/A,N/A,N/A,N/A,N/A,N/A,N/A,N/A,N/A,N/A,N/A,N/A,N/A,N/A,N/A,N/A,N/A,N/A,N/A,N/A,N/A,N/A,N/A,N/A,N/A,N/A,N/A
0,4294967295,41,46,PYPTO_relu_kernel_2d,N/A,N/A,N/A,1784178159451174.845	,150.243,0.000000,0,0,N/A,N/A,N/A,N/A,N/A,N/A,N/A,0,0.0,4638432,0.0,0.0,0.0,0.937,0.0,0.0,0.0,0.0,0.0,0.0,0.0,0.0,0,0.0,0.0,0.0,0.0,0.0,0.0,0.0,0.0,0.0,93.554
0,4294967295,42,43,PYPTO_relu_kernel_2d,N/A,N/A,N/A,1784178159451175.265	,157.163,0.000000,0,0,N/A,N/A,N/A,N/A,N/A,N/A,N/A,N/A,N/A,N/A,N/A,N/A,N/A,N/A,N/A,N/A,N/A,N/A,N/A,N/A,N/A,N/A,N/A,N/A,N/A,N/A,N/A,N/A,N/A,N/A,N/A,N/A,N/A
0,4294967295,43,42,PYPTO_relu_kernel_2d,N/A,N/A,N/A,1784178159451326.368	,75.101,0.000000,0,0,N/A,N/A,N/A,N/A,N/A,N/A,N/A,N/A,N/A,N/A,N/A,N/A,N/A,N/A,N/A,N/A,N/A,N/A,N/A,N/A,N/A,N/A,N/A,N/A,N/A,N/A,N/A,N/A,N/A,N/A,N/A,N/A,N/A
0,4294967295,43,46,PYPTO_relu_kernel_2d,N/A,N/A,N/A,1784178159451327.688	,158.663,0.000000,0,0,N/A,N/A,N/A,N/A,N/A,N/A,N/A,0,0.0,4893294,0.0,0.0,0.0,0.93,0.0,0.0,0.0,0.0,0.0,0.0,0.0,0.0,0,0.0,0.0,0.0,0.0,0.0,0.0,0.0,0.0,0.0,93.457
0,4294967295,44,43,PYPTO_relu_kernel_2d,N/A,N/A,N/A,1784178159451332.488	,160.823,0.000000,0,0,N/A,N/A,N/A,N/A,N/A,N/A,N/A,N/A,N/A,N/A,N/A,N/A,N/A,N/A,N/A,N/A,N/A,N/A,N/A,N/A,N/A,N/A,N/A,N/A,N/A,N/A,N/A,N/A,N/A,N/A,N/A,N/A,N/A
0,4294967295,45,42,PYPTO_relu_kernel_2d,N/A,N/A,N/A,1784178159451487.711	,65.302,0.000000,0,0,N/A,N/A,N/A,N/A,N/A,N/A,N/A,N/A,N/A,N/A,N/A,N/A,N/A,N/A,N/A,N/A,N/A,N/A,N/A,N/A,N/A,N/A,N/A,N/A,N/A,N/A,N/A,N/A,N/A,N/A,N/A,N/A,N/A
0,4294967295,45,46,PYPTO_relu_kernel_2d,N/A,N/A,N/A,1784178159451489.031	,142.583,0.000000,0,0,N/A,N/A,N/A,N/A,N/A,N/A,N/A,0,0.0,4356503,0.0,0.0,0.0,0.937,0.0,0.0,0.0,0.0,0.0,0.0,0.0,0.0,0,0.0,0.0,0.0,0.0,0.0,0.0,0.0,0.0,0.0,92.588
0,4294967295,46,43,PYPTO_relu_kernel_2d,N/A,N/A,N/A,1784178159451493.371	,141.903,0.000000,0,0,N/A,N/A,N/A,N/A,N/A,N/A,N/A,N/A,N/A,N/A,N/A,N/A,N/A,N/A,N/A,N/A,N/A,N/A,N/A,N/A,N/A,N/A,N/A,N/A,N/A,N/A,N/A,N/A,N/A,N/A,N/A,N/A,N/A
0,4294967295,47,42,PYPTO_relu_kernel_2d,N/A,N/A,N/A,1784178159451633.194	,91.442,0.000000,0,0,N/A,N/A,N/A,N/A,N/A,N/A,N/A,N/A,N/A,N/A,N/A,N/A,N/A,N/A,N/A,N/A,N/A,N/A,N/A,N/A,N/A,N/A,N/A,N/A,N/A,N/A,N/A,N/A,N/A,N/A,N/A,N/A,N/A
0,4294967295,47,46,PYPTO_relu_kernel_2d,N/A,N/A,N/A,1784178159451634.494	,168.764,0.000000,0,0,N/A,N/A,N/A,N/A,N/A,N/A,N/A,0,0.0,5213693,0.0,0.0,0.0,0.953,0.0,0.0,0.0,0.0,0.0,0.0,0.0,0.0,0,0.0,0.0,0.0,0.0,0.0,0.0,0.0,0.0,0.0,93.616
0,4294967295,48,43,PYPTO_relu_kernel_2d,N/A,N/A,N/A,1784178159451635.354	,175.704,0.000000,0,0,N/A,N/A,N/A,N/A,N/A,N/A,N/A,N/A,N/A,N/A,N/A,N/A,N/A,N/A,N/A,N/A,N/A,N/A,N/A,N/A,N/A,N/A,N/A,N/A,N/A,N/A,N/A,N/A,N/A,N/A,N/A,N/A,N/A
0,4294967295,49,42,PYPTO_relu_kernel_2d,N/A,N/A,N/A,1784178159451804.918	,71.181,0.000000,0,0,N/A,N/A,N/A,N/A,N/A,N/A,N/A,N/A,N/A,N/A,N/A,N/A,N/A,N/A,N/A,N/A,N/A,N/A,N/A,N/A,N/A,N/A,N/A,N/A,N/A,N/A,N/A,N/A,N/A,N/A,N/A,N/A,N/A
0,4294967295,49,46,PYPTO_relu_kernel_2d,N/A,N/A,N/A,1784178159451806.218	,151.003,0.000000,0,0,N/A,N/A,N/A,N/A,N/A,N/A,N/A,0,0.0,4651723,0.0,0.0,0.0,0.929,0.0,0.0,0.0,0.0,0.0,0.0,0.0,0.0,0,0.0,0.0,0.0,0.0,0.0,0.0,0.0,0.0,0.0,93.350
0,4294967295,50,43,PYPTO_relu_kernel_2d,N/A,N/A,N/A,1784178159451811.118	,153.023,0.000000,0,0,N/A,N/A,N/A,N/A,N/A,N/A,N/A,N/A,N/A,N/A,N/A,N/A,N/A,N/A,N/A,N/A,N/A,N/A,N/A,N/A,N/A,N/A,N/A,N/A,N/A,N/A,N/A,N/A,N/A,N/A,N/A,N/A,N/A
0,4294967295,51,42,PYPTO_relu_kernel_2d,N/A,N/A,N/A,1784178159451958.501	,66.041,0.000000,0,0,N/A,N/A,N/A,N/A,N/A,N/A,N/A,N/A,N/A,N/A,N/A,N/A,N/A,N/A,N/A,N/A,N/A,N/A,N/A,N/A,N/A,N/A,N/A,N/A,N/A,N/A,N/A,N/A,N/A,N/A,N/A,N/A,N/A
0,4294967295,51,46,PYPTO_relu_kernel_2d,N/A,N/A,N/A,1784178159451959.821	,145.303,0.000000,0,0,N/A,N/A,N/A,N/A,N/A,N/A,N/A,0,0.0,4431669,0.0,0.0,0.0,0.937,0.0,0.0,0.0,0.0,0.0,0.0,0.0,0.0,0,0.0,0.0,0.0,0.0,0.0,0.0,0.0,0.0,0.0,92.423
0,4294967295,52,43,PYPTO_relu_kernel_2d,N/A,N/A,N/A,1784178159451964.201	,144.583,0.000000,0,0,N/A,N/A,N/A,N/A,N/A,N/A,N/A,N/A,N/A,N/A,N/A,N/A,N/A,N/A,N/A,N/A,N/A,N/A,N/A,N/A,N/A,N/A,N/A,N/A,N/A,N/A,N/A,N/A,N/A,N/A,N/A,N/A,N/A
0,4294967295,53,42,PYPTO_relu_kernel_2d,N/A,N/A,N/A,1784178159452106.744	,93.141,0.000000,0,0,N/A,N/A,N/A,N/A,N/A,N/A,N/A,N/A,N/A,N/A,N/A,N/A,N/A,N/A,N/A,N/A,N/A,N/A,N/A,N/A,N/A,N/A,N/A,N/A,N/A,N/A,N/A,N/A,N/A,N/A,N/A,N/A,N/A
0,4294967295,53,46,PYPTO_relu_kernel_2d,N/A,N/A,N/A,1784178159452108.064	,169.083,0.000000,0,0,N/A,N/A,N/A,N/A,N/A,N/A,N/A,0,0.0,5258111,0.0,0.0,0.0,0.946,0.0,0.0,0.0,0.0,0.0,0.0,0.0,0.0,0,0.0,0.0,0.0,0.0,0.0,0.0,0.0,0.0,0.0,94.236
0,4294967295,54,43,PYPTO_relu_kernel_2d,N/A,N/A,N/A,1784178159452108.844	,177.443,0.000000,0,0,N/A,N/A,N/A,N/A,N/A,N/A,N/A,N/A,N/A,N/A,N/A,N/A,N/A,N/A,N/A,N/A,N/A,N/A,N/A,N/A,N/A,N/A,N/A,N/A,N/A,N/A,N/A,N/A,N/A,N/A,N/A,N/A,N/A
0,4294967295,55,42,PYPTO_relu_kernel_2d,N/A,N/A,N/A,1784178159452278.447	,73.601,0.000000,0,0,N/A,N/A,N/A,N/A,N/A,N/A,N/A,N/A,N/A,N/A,N/A,N/A,N/A,N/A,N/A,N/A,N/A,N/A,N/A,N/A,N/A,N/A,N/A,N/A,N/A,N/A,N/A,N/A,N/A,N/A,N/A,N/A,N/A
0,4294967295,55,46,PYPTO_relu_kernel_2d,N/A,N/A,N/A,1784178159452279.767	,151.483,0.000000,0,0,N/A,N/A,N/A,N/A,N/A,N/A,N/A,0,0.0,4665962,0.0,0.0,0.0,0.943,0.0,0.0,0.0,0.0,0.0,0.0,0.0,0.0,0,0.0,0.0,0.0,0.0,0.0,0.0,0.0,0.0,0.0,93.339
0,4294967295,56,43,PYPTO_relu_kernel_2d,N/A,N/A,N/A,1784178159452286.347	,150.503,0.000000,0,0,N/A,N/A,N/A,N/A,N/A,N/A,N/A,N/A,N/A,N/A,N/A,N/A,N/A,N/A,N/A,N/A,N/A,N/A,N/A,N/A,N/A,N/A,N/A,N/A,N/A,N/A,N/A,N/A,N/A,N/A,N/A,N/A,N/A
0,4294967295,57,42,PYPTO_relu_kernel_2d,N/A,N/A,N/A,1784178159452432.530	,60.921,0.000000,0,0,N/A,N/A,N/A,N/A,N/A,N/A,N/A,N/A,N/A,N/A,N/A,N/A,N/A,N/A,N/A,N/A,N/A,N/A,N/A,N/A,N/A,N/A,N/A,N/A,N/A,N/A,N/A,N/A,N/A,N/A,N/A,N/A,N/A
0,4294967295,57,46,PYPTO_relu_kernel_2d,N/A,N/A,N/A,1784178159452433.830	,139.823,0.000000,0,0,N/A,N/A,N/A,N/A,N/A,N/A,N/A,0,0.0,4262581,0.0,0.0,0.0,0.936,0.0,0.0,0.0,0.0,0.0,0.0,0.0,0.0,0,0.0,0.0,0.0,0.0,0.0,0.0,0.0,0.0,0.0,92.380
0,4294967295,58,43,PYPTO_relu_kernel_2d,N/A,N/A,N/A,1784178159452436.910	,140.283,0.000000,0,0,N/A,N/A,N/A,N/A,N/A,N/A,N/A,N/A,N/A,N/A,N/A,N/A,N/A,N/A,N/A,N/A,N/A,N/A,N/A,N/A,N/A,N/A,N/A,N/A,N/A,N/A,N/A,N/A,N/A,N/A,N/A,N/A,N/A
0,4294967295,59,42,PYPTO_relu_kernel_2d,N/A,N/A,N/A,1784178159452575.093	,78.202,0.000000,0,0,N/A,N/A,N/A,N/A,N/A,N/A,N/A,N/A,N/A,N/A,N/A,N/A,N/A,N/A,N/A,N/A,N/A,N/A,N/A,N/A,N/A,N/A,N/A,N/A,N/A,N/A,N/A,N/A,N/A,N/A,N/A,N/A,N/A
0,4294967295,59,46,PYPTO_relu_kernel_2d,N/A,N/A,N/A,1784178159452576.373	,153.463,0.000000,0,0,N/A,N/A,N/A,N/A,N/A,N/A,N/A,0,0.0,4738508,0.0,0.0,0.0,0.95,0.0,0.0,0.0,0.0,0.0,0.0,0.0,0.0,0,0.0,0.0,0.0,0.0,0.0,0.0,0.0,0.0,0.0,93.567
0,4294967295,60,43,PYPTO_relu_kernel_2d,N/A,N/A,N/A,1784178159452577.253	,161.123,0.000000,0,0,N/A,N/A,N/A,N/A,N/A,N/A,N/A,N/A,N/A,N/A,N/A,N/A,N/A,N/A,N/A,N/A,N/A,N/A,N/A,N/A,N/A,N/A,N/A,N/A,N/A,N/A,N/A,N/A,N/A,N/A,N/A,N/A,N/A
0,4294967295,61,42,PYPTO_relu_kernel_2d,N/A,N/A,N/A,1784178159452731.736	,72.902,0.000000,0,0,N/A,N/A,N/A,N/A,N/A,N/A,N/A,N/A,N/A,N/A,N/A,N/A,N/A,N/A,N/A,N/A,N/A,N/A,N/A,N/A,N/A,N/A,N/A,N/A,N/A,N/A,N/A,N/A,N/A,N/A,N/A,N/A,N/A
0,4294967295,61,46,PYPTO_relu_kernel_2d,N/A,N/A,N/A,1784178159452732.816	,150.643,0.000000,0,0,N/A,N/A,N/A,N/A,N/A,N/A,N/A,0,0.0,4605874,0.0,0.0,0.0,0.944,0.0,0.0,0.0,0.0,0.0,0.0,0.0,0.0,0,0.0,0.0,0.0,0.0,0.0,0.0,0.0,0.0,0.0,92.651
0,4294967295,62,43,PYPTO_relu_kernel_2d,N/A,N/A,N/A,1784178159452738.436	,151.223,0.000000,0,0,N/A,N/A,N/A,N/A,N/A,N/A,N/A,N/A,N/A,N/A,N/A,N/A,N/A,N/A,N/A,N/A,N/A,N/A,N/A,N/A,N/A,N/A,N/A,N/A,N/A,N/A,N/A,N/A,N/A,N/A,N/A,N/A,N/A
0,4294967295,63,42,PYPTO_relu_kernel_2d,N/A,N/A,N/A,1784178159452885.059	,59.901,0.000000,0,0,N/A,N/A,N/A,N/A,N/A,N/A,N/A,N/A,N/A,N/A,N/A,N/A,N/A,N/A,N/A,N/A,N/A,N/A,N/A,N/A,N/A,N/A,N/A,N/A,N/A,N/A,N/A,N/A,N/A,N/A,N/A,N/A,N/A
0,4294967295,63,46,PYPTO_relu_kernel_2d,N/A,N/A,N/A,1784178159452886.359	,136.223,0.000000,0,0,N/A,N/A,N/A,N/A,N/A,N/A,N/A,0,0.0,4173819,0.0,0.0,0.0,0.935,0.0,0.0,0.0,0.0,0.0,0.0,0.0,0.0,0,0.0,0.0,0.0,0.0,0.0,0.0,0.0,0.0,0.0,92.847
0,4294967295,64,43,PYPTO_relu_kernel_2d,N/A,N/A,N/A,1784178159452889.719	,136.003,0.000000,0,0,N/A,N/A,N/A,N/A,N/A,N/A,N/A,N/A,N/A,N/A,N/A,N/A,N/A,N/A,N/A,N/A,N/A,N/A,N/A,N/A,N/A,N/A,N/A,N/A,N/A,N/A,N/A,N/A,N/A,N/A,N/A,N/A,N/A
0,4294967295,65,42,PYPTO_relu_kernel_2d,N/A,N/A,N/A,1784178159453024.202	,90.802,0.000000,0,0,N/A,N/A,N/A,N/A,N/A,N/A,N/A,N/A,N/A,N/A,N/A,N/A,N/A,N/A,N/A,N/A,N/A,N/A,N/A,N/A,N/A,N/A,N/A,N/A,N/A,N/A,N/A,N/A,N/A,N/A,N/A,N/A,N/A
0,4294967295,65,46,PYPTO_relu_kernel_2d,N/A,N/A,N/A,1784178159453025.342	,166.083,0.000000,0,0,N/A,N/A,N/A,N/A,N/A,N/A,N/A,0,0.0,5163197,0.0,0.0,0.0,0.947,0.0,0.0,0.0,0.0,0.0,0.0,0.0,0.0,0,0.0,0.0,0.0,0.0,0.0,0.0,0.0,0.0,0.0,94.206
0,4294967295,66,43,PYPTO_relu_kernel_2d,N/A,N/A,N/A,1784178159453025.802	,172.703,0.000000,0,0,N/A,N/A,N/A,N/A,N/A,N/A,N/A,N/A,N/A,N/A,N/A,N/A,N/A,N/A,N/A,N/A,N/A,N/A,N/A,N/A,N/A,N/A,N/A,N/A,N/A,N/A,N/A,N/A,N/A,N/A,N/A,N/A,N/A
0,4294967295,67,42,PYPTO_relu_kernel_2d,N/A,N/A,N/A,1784178159453193.085	,70.682,0.000000,0,0,N/A,N/A,N/A,N/A,N/A,N/A,N/A,N/A,N/A,N/A,N/A,N/A,N/A,N/A,N/A,N/A,N/A,N/A,N/A,N/A,N/A,N/A,N/A,N/A,N/A,N/A,N/A,N/A,N/A,N/A,N/A,N/A,N/A
0,4294967295,67,46,PYPTO_relu_kernel_2d,N/A,N/A,N/A,1784178159453194.405	,150.523,0.000000,0,0,N/A,N/A,N/A,N/A,N/A,N/A,N/A,0,0.0,4617913,0.0,0.0,0.0,0.933,0.0,0.0,0.0,0.0,0.0,0.0,0.0,0.0,0,0.0,0.0,0.0,0.0,0.0,0.0,0.0,0.0,0.0,92.967
0,4294967295,68,43,PYPTO_relu_kernel_2d,N/A,N/A,N/A,1784178159453198.565	,153.263,0.000000,0,0,N/A,N/A,N/A,N/A,N/A,N/A,N/A,N/A,N/A,N/A,N/A,N/A,N/A,N/A,N/A,N/A,N/A,N/A,N/A,N/A,N/A,N/A,N/A,N/A,N/A,N/A,N/A,N/A,N/A,N/A,N/A,N/A,N/A
0,4294967295,69,42,PYPTO_relu_kernel_2d,N/A,N/A,N/A,1784178159453346.528	,63.802,0.000000,0,0,N/A,N/A,N/A,N/A,N/A,N/A,N/A,N/A,N/A,N/A,N/A,N/A,N/A,N/A,N/A,N/A,N/A,N/A,N/A,N/A,N/A,N/A,N/A,N/A,N/A,N/A,N/A,N/A,N/A,N/A,N/A,N/A,N/A
0,4294967295,69,46,PYPTO_relu_kernel_2d,N/A,N/A,N/A,1784178159453347.848	,140.123,0.000000,0,0,N/A,N/A,N/A,N/A,N/A,N/A,N/A,0,0.0,4279744,0.0,0.0,0.0,0.937,0.0,0.0,0.0,0.0,0.0,0.0,0.0,0.0,0,0.0,0.0,0.0,0.0,0.0,0.0,0.0,0.0,0.0,92.554
0,4294967295,70,43,PYPTO_relu_kernel_2d,N/A,N/A,N/A,1784178159453351.888	,139.383,0.000000,0,0,N/A,N/A,N/A,N/A,N/A,N/A,N/A,N/A,N/A,N/A,N/A,N/A,N/A,N/A,N/A,N/A,N/A,N/A,N/A,N/A,N/A,N/A,N/A,N/A,N/A,N/A,N/A,N/A,N/A,N/A,N/A,N/A,N/A
0,4294967295,71,42,PYPTO_relu_kernel_2d,N/A,N/A,N/A,1784178159453489.711	,89.622,0.000000,0,0,N/A,N/A,N/A,N/A,N/A,N/A,N/A,N/A,N/A,N/A,N/A,N/A,N/A,N/A,N/A,N/A,N/A,N/A,N/A,N/A,N/A,N/A,N/A,N/A,N/A,N/A,N/A,N/A,N/A,N/A,N/A,N/A,N/A
0,4294967295,71,46,PYPTO_relu_kernel_2d,N/A,N/A,N/A,1784178159453491.031	,163.704,0.000000,0,0,N/A,N/A,N/A,N/A,N/A,N/A,N/A,0,0.0,5090413,0.0,0.0,0.0,0.953,0.0,0.0,0.0,0.0,0.0,0.0,0.0,0.0,0,0.0,0.0,0.0,0.0,0.0,0.0,0.0,0.0,0.0,94.228
0,4294967295,72,43,PYPTO_relu_kernel_2d,N/A,N/A,N/A,1784178159453491.331	,172.024,0.000000,0,0,N/A,N/A,N/A,N/A,N/A,N/A,N/A,N/A,N/A,N/A,N/A,N/A,N/A,N/A,N/A,N/A,N/A,N/A,N/A,N/A,N/A,N/A,N/A,N/A,N/A,N/A,N/A,N/A,N/A,N/A,N/A,N/A,N/A
0,4294967295,73,42,PYPTO_relu_kernel_2d,N/A,N/A,N/A,1784178159453656.015	,70.761,0.000000,0,0,N/A,N/A,N/A,N/A,N/A,N/A,N/A,N/A,N/A,N/A,N/A,N/A,N/A,N/A,N/A,N/A,N/A,N/A,N/A,N/A,N/A,N/A,N/A,N/A,N/A,N/A,N/A,N/A,N/A,N/A,N/A,N/A,N/A
0,4294967295,73,46,PYPTO_relu_kernel_2d,N/A,N/A,N/A,1784178159453657.295	,160.023,0.000000,0,0,N/A,N/A,N/A,N/A,N/A,N/A,N/A,0,0.0,4936880,0.0,0.0,0.0,0.931,0.0,0.0,0.0,0.0,0.0,0.0,0.0,0.0,0,0.0,0.0,0.0,0.0,0.0,0.0,0.0,0.0,0.0,93.488
0,4294967295,74,43,PYPTO_relu_kernel_2d,N/A,N/A,N/A,1784178159453663.415	,159.943,0.000000,0,0,N/A,N/A,N/A,N/A,N/A,N/A,N/A,N/A,N/A,N/A,N/A,N/A,N/A,N/A,N/A,N/A,N/A,N/A,N/A,N/A,N/A,N/A,N/A,N/A,N/A,N/A,N/A,N/A,N/A,N/A,N/A,N/A,N/A
0,4294967295,75,42,PYPTO_relu_kernel_2d,N/A,N/A,N/A,1784178159453819.118	,58.041,0.000000,0,0,N/A,N/A,N/A,N/A,N/A,N/A,N/A,N/A,N/A,N/A,N/A,N/A,N/A,N/A,N/A,N/A,N/A,N/A,N/A,N/A,N/A,N/A,N/A,N/A,N/A,N/A,N/A,N/A,N/A,N/A,N/A,N/A,N/A
0,4294967295,75,46,PYPTO_relu_kernel_2d,N/A,N/A,N/A,1784178159453820.438	,137.003,0.000000,0,0,N/A,N/A,N/A,N/A,N/A,N/A,N/A,0,0.0,4172933,0.0,0.0,0.0,0.934,0.0,0.0,0.0,0.0,0.0,0.0,0.0,0.0,0,0.0,0.0,0.0,0.0,0.0,0.0,0.0,0.0,0.0,92.299
0,4294967295,76,43,PYPTO_relu_kernel_2d,N/A,N/A,N/A,1784178159453823.418	,137.243,0.000000,0,0,N/A,N/A,N/A,N/A,N/A,N/A,N/A,N/A,N/A,N/A,N/A,N/A,N/A,N/A,N/A,N/A,N/A,N/A,N/A,N/A,N/A,N/A,N/A,N/A,N/A,N/A,N/A,N/A,N/A,N/A,N/A,N/A,N/A
0,4294967295,77,42,PYPTO_relu_kernel_2d,N/A,N/A,N/A,1784178159453958.701	,93.721,0.000000,0,0,N/A,N/A,N/A,N/A,N/A,N/A,N/A,N/A,N/A,N/A,N/A,N/A,N/A,N/A,N/A,N/A,N/A,N/A,N/A,N/A,N/A,N/A,N/A,N/A,N/A,N/A,N/A,N/A,N/A,N/A,N/A,N/A,N/A
0,4294967295,77,46,PYPTO_relu_kernel_2d,N/A,N/A,N/A,1784178159453960.021	,167.003,0.000000,0,0,N/A,N/A,N/A,N/A,N/A,N/A,N/A,0,0.0,5180312,0.0,0.0,0.0,0.954,0.0,0.0,0.0,0.0,0.0,0.0,0.0,0.0,0,0.0,0.0,0.0,0.0,0.0,0.0,0.0,0.0,0.0,93.998
0,4294967295,78,43,PYPTO_relu_kernel_2d,N/A,N/A,N/A,1784178159453960.721	,172.943,0.000000,0,0,N/A,N/A,N/A,N/A,N/A,N/A,N/A,N/A,N/A,N/A,N/A,N/A,N/A,N/A,N/A,N/A,N/A,N/A,N/A,N/A,N/A,N/A,N/A,N/A,N/A,N/A,N/A,N/A,N/A,N/A,N/A,N/A,N/A
0,4294967295,79,42,PYPTO_relu_kernel_2d,N/A,N/A,N/A,1784178159454128.484	,70.961,0.000000,0,0,N/A,N/A,N/A,N/A,N/A,N/A,N/A,N/A,N/A,N/A,N/A,N/A,N/A,N/A,N/A,N/A,N/A,N/A,N/A,N/A,N/A,N/A,N/A,N/A,N/A,N/A,N/A,N/A,N/A,N/A,N/A,N/A,N/A
0,4294967295,79,46,PYPTO_relu_kernel_2d,N/A,N/A,N/A,1784178159454129.784	,149.463,0.000000,0,0,N/A,N/A,N/A,N/A,N/A,N/A,N/A,0,0.0,4581620,0.0,0.0,0.0,0.939,0.0,0.0,0.0,0.0,0.0,0.0,0.0,0.0,0,0.0,0.0,0.0,0.0,0.0,0.0,0.0,0.0,0.0,92.891
0,4294967295,80,43,PYPTO_relu_kernel_2d,N/A,N/A,N/A,1784178159454133.724	,151.603,0.000000,0,0,N/A,N/A,N/A,N/A,N/A,N/A,N/A,N/A,N/A,N/A,N/A,N/A,N/A,N/A,N/A,N/A,N/A,N/A,N/A,N/A,N/A,N/A,N/A,N/A,N/A,N/A,N/A,N/A,N/A,N/A,N/A,N/A,N/A
0,4294967295,81,42,PYPTO_relu_kernel_2d,N/A,N/A,N/A,1784178159454280.667	,55.401,0.000000,0,0,N/A,N/A,N/A,N/A,N/A,N/A,N/A,N/A,N/A,N/A,N/A,N/A,N/A,N/A,N/A,N/A,N/A,N/A,N/A,N/A,N/A,N/A,N/A,N/A,N/A,N/A,N/A,N/A,N/A,N/A,N/A,N/A,N/A
0,4294967295,81,46,PYPTO_relu_kernel_2d,N/A,N/A,N/A,1784178159454281.987	,133.923,0.000000,0,0,N/A,N/A,N/A,N/A,N/A,N/A,N/A,0,0.0,4058847,0.0,0.0,0.0,0.931,0.0,0.0,0.0,0.0,0.0,0.0,0.0,0.0,0,0.0,0.0,0.0,0.0,0.0,0.0,0.0,0.0,0.0,91.840
0,4294967295,82,43,PYPTO_relu_kernel_2d,N/A,N/A,N/A,1784178159454285.387	,133.623,0.000000,0,0,N/A,N/A,N/A,N/A,N/A,N/A,N/A,N/A,N/A,N/A,N/A,N/A,N/A,N/A,N/A,N/A,N/A,N/A,N/A,N/A,N/A,N/A,N/A,N/A,N/A,N/A,N/A,N/A,N/A,N/A,N/A,N/A,N/A
0,4294967295,83,42,PYPTO_relu_kernel_2d,N/A,N/A,N/A,1784178159454417.710	,79.861,0.000000,0,0,N/A,N/A,N/A,N/A,N/A,N/A,N/A,N/A,N/A,N/A,N/A,N/A,N/A,N/A,N/A,N/A,N/A,N/A,N/A,N/A,N/A,N/A,N/A,N/A,N/A,N/A,N/A,N/A,N/A,N/A,N/A,N/A,N/A
0,4294967295,83,46,PYPTO_relu_kernel_2d,N/A,N/A,N/A,1784178159454419.030	,153.543,0.000000,0,0,N/A,N/A,N/A,N/A,N/A,N/A,N/A,0,0.0,4745903,0.0,0.0,0.0,0.947,0.0,0.0,0.0,0.0,0.0,0.0,0.0,0.0,0,0.0,0.0,0.0,0.0,0.0,0.0,0.0,0.0,0.0,93.664
0,4294967295,84,43,PYPTO_relu_kernel_2d,N/A,N/A,N/A,1784178159454419.070	,161.503,0.000000,0,0,N/A,N/A,N/A,N/A,N/A,N/A,N/A,N/A,N/A,N/A,N/A,N/A,N/A,N/A,N/A,N/A,N/A,N/A,N/A,N/A,N/A,N/A,N/A,N/A,N/A,N/A,N/A,N/A,N/A,N/A,N/A,N/A,N/A
0,4294967295,85,42,PYPTO_relu_kernel_2d,N/A,N/A,N/A,1784178159454574.213	,69.561,0.000000,0,0,N/A,N/A,N/A,N/A,N/A,N/A,N/A,N/A,N/A,N/A,N/A,N/A,N/A,N/A,N/A,N/A,N/A,N/A,N/A,N/A,N/A,N/A,N/A,N/A,N/A,N/A,N/A,N/A,N/A,N/A,N/A,N/A,N/A
0,4294967295,85,46,PYPTO_relu_kernel_2d,N/A,N/A,N/A,1784178159454575.533	,146.903,0.000000,0,0,N/A,N/A,N/A,N/A,N/A,N/A,N/A,0,0.0,4522385,0.0,0.0,0.0,0.941,0.0,0.0,0.0,0.0,0.0,0.0,0.0,0.0,0,0.0,0.0,0.0,0.0,0.0,0.0,0.0,0.0,0.0,93.287
0,4294967295,86,43,PYPTO_relu_kernel_2d,N/A,N/A,N/A,1784178159454580.633	,147.703,0.000000,0,0,N/A,N/A,N/A,N/A,N/A,N/A,N/A,N/A,N/A,N/A,N/A,N/A,N/A,N/A,N/A,N/A,N/A,N/A,N/A,N/A,N/A,N/A,N/A,N/A,N/A,N/A,N/A,N/A,N/A,N/A,N/A,N/A,N/A
0,4294967295,87,42,PYPTO_relu_kernel_2d,N/A,N/A,N/A,1784178159454724.136	,68.121,0.000000,0,0,N/A,N/A,N/A,N/A,N/A,N/A,N/A,N/A,N/A,N/A,N/A,N/A,N/A,N/A,N/A,N/A,N/A,N/A,N/A,N/A,N/A,N/A,N/A,N/A,N/A,N/A,N/A,N/A,N/A,N/A,N/A,N/A,N/A
0,4294967295,87,46,PYPTO_relu_kernel_2d,N/A,N/A,N/A,1784178159454725.456	,146.723,0.000000,0,0,N/A,N/A,N/A,N/A,N/A,N/A,N/A,0,0.0,4484340,0.0,0.0,0.0,0.939,0.0,0.0,0.0,0.0,0.0,0.0,0.0,0.0,0,0.0,0.0,0.0,0.0,0.0,0.0,0.0,0.0,0.0,92.616
0,4294967295,88,43,PYPTO_relu_kernel_2d,N/A,N/A,N/A,1784178159454728.396	,147.243,0.000000,0,0,N/A,N/A,N/A,N/A,N/A,N/A,N/A,N/A,N/A,N/A,N/A,N/A,N/A,N/A,N/A,N/A,N/A,N/A,N/A,N/A,N/A,N/A,N/A,N/A,N/A,N/A,N/A,N/A,N/A,N/A,N/A,N/A,N/A
0,4294967295,89,42,PYPTO_relu_kernel_2d,N/A,N/A,N/A,1784178159454873.899	,88.282,0.000000,0,0,N/A,N/A,N/A,N/A,N/A,N/A,N/A,N/A,N/A,N/A,N/A,N/A,N/A,N/A,N/A,N/A,N/A,N/A,N/A,N/A,N/A,N/A,N/A,N/A,N/A,N/A,N/A,N/A,N/A,N/A,N/A,N/A,N/A
0,4294967295,89,46,PYPTO_relu_kernel_2d,N/A,N/A,N/A,1784178159454875.199	,165.603,0.000000,0,0,N/A,N/A,N/A,N/A,N/A,N/A,N/A,0,0.0,5142734,0.0,0.0,0.0,0.951,0.0,0.0,0.0,0.0,0.0,0.0,0.0,0.0,0,0.0,0.0,0.0,0.0,0.0,0.0,0.0,0.0,0.0,94.105
0,4294967295,90,43,PYPTO_relu_kernel_2d,N/A,N/A,N/A,1784178159454875.699	,171.143,0.000000,0,0,N/A,N/A,N/A,N/A,N/A,N/A,N/A,N/A,N/A,N/A,N/A,N/A,N/A,N/A,N/A,N/A,N/A,N/A,N/A,N/A,N/A,N/A,N/A,N/A,N/A,N/A,N/A,N/A,N/A,N/A,N/A,N/A,N/A
0,4294967295,91,42,PYPTO_relu_kernel_2d,N/A,N/A,N/A,1784178159455042.382	,75.162,0.000000,0,0,N/A,N/A,N/A,N/A,N/A,N/A,N/A,N/A,N/A,N/A,N/A,N/A,N/A,N/A,N/A,N/A,N/A,N/A,N/A,N/A,N/A,N/A,N/A,N/A,N/A,N/A,N/A,N/A,N/A,N/A,N/A,N/A,N/A
0,4294967295,91,46,PYPTO_relu_kernel_2d,N/A,N/A,N/A,1784178159455043.662	,151.363,0.000000,0,0,N/A,N/A,N/A,N/A,N/A,N/A,N/A,0,0.0,4651842,0.0,0.0,0.0,0.939,0.0,0.0,0.0,0.0,0.0,0.0,0.0,0.0,0,0.0,0.0,0.0,0.0,0.0,0.0,0.0,0.0,0.0,93.130
0,4294967295,92,43,PYPTO_relu_kernel_2d,N/A,N/A,N/A,1784178159455046.902	,155.943,0.000000,0,0,N/A,N/A,N/A,N/A,N/A,N/A,N/A,N/A,N/A,N/A,N/A,N/A,N/A,N/A,N/A,N/A,N/A,N/A,N/A,N/A,N/A,N/A,N/A,N/A,N/A,N/A,N/A,N/A,N/A,N/A,N/A,N/A,N/A
0,4294967295,93,42,PYPTO_relu_kernel_2d,N/A,N/A,N/A,1784178159455196.565	,60.042,0.000000,0,0,N/A,N/A,N/A,N/A,N/A,N/A,N/A,N/A,N/A,N/A,N/A,N/A,N/A,N/A,N/A,N/A,N/A,N/A,N/A,N/A,N/A,N/A,N/A,N/A,N/A,N/A,N/A,N/A,N/A,N/A,N/A,N/A,N/A
0,4294967295,93,46,PYPTO_relu_kernel_2d,N/A,N/A,N/A,1784178159455197.765	,137.263,0.000000,0,0,N/A,N/A,N/A,N/A,N/A,N/A,N/A,0,0.0,4194770,0.0,0.0,0.0,0.934,0.0,0.0,0.0,0.0,0.0,0.0,0.0,0.0,0,0.0,0.0,0.0,0.0,0.0,0.0,0.0,0.0,0.0,92.606
0,4294967295,94,43,PYPTO_relu_kernel_2d,N/A,N/A,N/A,1784178159455202.905	,135.343,0.000000,0,0,N/A,N/A,N/A,N/A,N/A,N/A,N/A,N/A,N/A,N/A,N/A,N/A,N/A,N/A,N/A,N/A,N/A,N/A,N/A,N/A,N/A,N/A,N/A,N/A,N/A,N/A,N/A,N/A,N/A,N/A,N/A,N/A,N/A
0,4294967295,95,42,PYPTO_relu_kernel_2d,N/A,N/A,N/A,1784178159455336.548	,92.062,0.000000,0,0,N/A,N/A,N/A,N/A,N/A,N/A,N/A,N/A,N/A,N/A,N/A,N/A,N/A,N/A,N/A,N/A,N/A,N/A,N/A,N/A,N/A,N/A,N/A,N/A,N/A,N/A,N/A,N/A,N/A,N/A,N/A,N/A,N/A
0,4294967295,95,46,PYPTO_relu_kernel_2d,N/A,N/A,N/A,1784178159455337.848	,167.903,0.000000,0,0,N/A,N/A,N/A,N/A,N/A,N/A,N/A,0,0.0,5214759,0.0,0.0,0.0,0.95,0.0,0.0,0.0,0.0,0.0,0.0,0.0,0.0,0,0.0,0.0,0.0,0.0,0.0,0.0,0.0,0.0,0.0,94.116
0,4294967295,96,43,PYPTO_relu_kernel_2d,N/A,N/A,N/A,1784178159455338.308	,174.704,0.000000,0,0,N/A,N/A,N/A,N/A,N/A,N/A,N/A,N/A,N/A,N/A,N/A,N/A,N/A,N/A,N/A,N/A,N/A,N/A,N/A,N/A,N/A,N/A,N/A,N/A,N/A,N/A,N/A,N/A,N/A,N/A,N/A,N/A,N/A
0,4294967295,97,42,PYPTO_relu_kernel_2d,N/A,N/A,N/A,1784178159455507.092	,68.161,0.000000,0,0,N/A,N/A,N/A,N/A,N/A,N/A,N/A,N/A,N/A,N/A,N/A,N/A,N/A,N/A,N/A,N/A,N/A,N/A,N/A,N/A,N/A,N/A,N/A,N/A,N/A,N/A,N/A,N/A,N/A,N/A,N/A,N/A,N/A
0,4294967295,97,46,PYPTO_relu_kernel_2d,N/A,N/A,N/A,1784178159455508.392	,142.282,0.000000,0,0,N/A,N/A,N/A,N/A,N/A,N/A,N/A,0,0.0,4376618,0.0,0.0,0.0,0.936,0.0,0.0,0.0,0.0,0.0,0.0,0.0,0.0,0,0.0,0.0,0.0,0.0,0.0,0.0,0.0,0.0,0.0,93.213
0,4294967295,98,43,PYPTO_relu_kernel_2d,N/A,N/A,N/A,1784178159455513.092	,145.263,0.000000,0,0,N/A,N/A,N/A,N/A,N/A,N/A,N/A,N/A,N/A,N/A,N/A,N/A,N/A,N/A,N/A,N/A,N/A,N/A,N/A,N/A,N/A,N/A,N/A,N/A,N/A,N/A,N/A,N/A,N/A,N/A,N/A,N/A,N/A
0,4294967295,99,42,PYPTO_relu_kernel_2d,N/A,N/A,N/A,1784178159455651.974	,63.322,0.000000,0,0,N/A,N/A,N/A,N/A,N/A,N/A,N/A,N/A,N/A,N/A,N/A,N/A,N/A,N/A,N/A,N/A,N/A,N/A,N/A,N/A,N/A,N/A,N/A,N/A,N/A,N/A,N/A,N/A,N/A,N/A,N/A,N/A,N/A
0,4294967295,99,46,PYPTO_relu_kernel_2d,N/A,N/A,N/A,1784178159455653.294	,142.363,0.000000,0,0,N/A,N/A,N/A,N/A,N/A,N/A,N/A,0,0.0,4352414,0.0,0.0,0.0,0.939,0.0,0.0,0.0,0.0,0.0,0.0,0.0,0.0,0,0.0,0.0,0.0,0.0,0.0,0.0,0.0,0.0,0.0,92.644
0,4294967295,100,43,PYPTO_relu_kernel_2d,N/A,N/A,N/A,1784178159455658.415	,140.322,0.000000,0,0,N/A,N/A,N/A,N/A,N/A,N/A,N/A,N/A,N/A,N/A,N/A,N/A,N/A,N/A,N/A,N/A,N/A,N/A,N/A,N/A,N/A,N/A,N/A,N/A,N/A,N/A,N/A,N/A,N/A,N/A,N/A,N/A,N/A
0,4294967295,101,42,PYPTO_relu_kernel_2d,N/A,N/A,N/A,1784178159455797.157	,93.022,0.000000,0,0,N/A,N/A,N/A,N/A,N/A,N/A,N/A,N/A,N/A,N/A,N/A,N/A,N/A,N/A,N/A,N/A,N/A,N/A,N/A,N/A,N/A,N/A,N/A,N/A,N/A,N/A,N/A,N/A,N/A,N/A,N/A,N/A,N/A
0,4294967295,101,46,PYPTO_relu_kernel_2d,N/A,N/A,N/A,1784178159455798.337	,168.524,0.000000,0,0,N/A,N/A,N/A,N/A,N/A,N/A,N/A,0,0.0,5213612,0.0,0.0,0.0,0.953,0.0,0.0,0.0,0.0,0.0,0.0,0.0,0.0,0,0.0,0.0,0.0,0.0,0.0,0.0,0.0,0.0,0.0,93.748
0,4294967295,102,43,PYPTO_relu_kernel_2d,N/A,N/A,N/A,1784178159455798.817	,174.824,0.000000,0,0,N/A,N/A,N/A,N/A,N/A,N/A,N/A,N/A,N/A,N/A,N/A,N/A,N/A,N/A,N/A,N/A,N/A,N/A,N/A,N/A,N/A,N/A,N/A,N/A,N/A,N/A,N/A,N/A,N/A,N/A,N/A,N/A,N/A
0,4294967295,103,42,PYPTO_relu_kernel_2d,N/A,N/A,N/A,1784178159455968.301	,65.421,0.000000,0,0,N/A,N/A,N/A,N/A,N/A,N/A,N/A,N/A,N/A,N/A,N/A,N/A,N/A,N/A,N/A,N/A,N/A,N/A,N/A,N/A,N/A,N/A,N/A,N/A,N/A,N/A,N/A,N/A,N/A,N/A,N/A,N/A,N/A
0,4294967295,103,46,PYPTO_relu_kernel_2d,N/A,N/A,N/A,1784178159455969.621	,146.223,0.000000,0,0,N/A,N/A,N/A,N/A,N/A,N/A,N/A,0,0.0,4490048,0.0,0.0,0.0,0.932,0.0,0.0,0.0,0.0,0.0,0.0,0.0,0.0,0,0.0,0.0,0.0,0.0,0.0,0.0,0.0,0.0,0.0,93.051
0,4294967295,104,43,PYPTO_relu_kernel_2d,N/A,N/A,N/A,1784178159455973.701	,147.983,0.000000,0,0,N/A,N/A,N/A,N/A,N/A,N/A,N/A,N/A,N/A,N/A,N/A,N/A,N/A,N/A,N/A,N/A,N/A,N/A,N/A,N/A,N/A,N/A,N/A,N/A,N/A,N/A,N/A,N/A,N/A,N/A,N/A,N/A,N/A
0,4294967295,105,42,PYPTO_relu_kernel_2d,N/A,N/A,N/A,1784178159456117.144	,59.861,0.000000,0,0,N/A,N/A,N/A,N/A,N/A,N/A,N/A,N/A,N/A,N/A,N/A,N/A,N/A,N/A,N/A,N/A,N/A,N/A,N/A,N/A,N/A,N/A,N/A,N/A,N/A,N/A,N/A,N/A,N/A,N/A,N/A,N/A,N/A
0,4294967295,105,46,PYPTO_relu_kernel_2d,N/A,N/A,N/A,1784178159456118.444	,138.683,0.000000,0,0,N/A,N/A,N/A,N/A,N/A,N/A,N/A,0,0.0,4227042,0.0,0.0,0.0,0.935,0.0,0.0,0.0,0.0,0.0,0.0,0.0,0.0,0,0.0,0.0,0.0,0.0,0.0,0.0,0.0,0.0,0.0,92.363
0,4294967295,106,43,PYPTO_relu_kernel_2d,N/A,N/A,N/A,1784178159456121.764	,138.523,0.000000,0,0,N/A,N/A,N/A,N/A,N/A,N/A,N/A,N/A,N/A,N/A,N/A,N/A,N/A,N/A,N/A,N/A,N/A,N/A,N/A,N/A,N/A,N/A,N/A,N/A,N/A,N/A,N/A,N/A,N/A,N/A,N/A,N/A,N/A
0,4294967295,107,42,PYPTO_relu_kernel_2d,N/A,N/A,N/A,1784178159456258.447	,89.661,0.000000,0,0,N/A,N/A,N/A,N/A,N/A,N/A,N/A,N/A,N/A,N/A,N/A,N/A,N/A,N/A,N/A,N/A,N/A,N/A,N/A,N/A,N/A,N/A,N/A,N/A,N/A,N/A,N/A,N/A,N/A,N/A,N/A,N/A,N/A
0,4294967295,107,46,PYPTO_relu_kernel_2d,N/A,N/A,N/A,1784178159456259.767	,162.423,0.000000,0,0,N/A,N/A,N/A,N/A,N/A,N/A,N/A,0,0.0,5029914,0.0,0.0,0.0,0.944,0.0,0.0,0.0,0.0,0.0,0.0,0.0,0.0,0,0.0,0.0,0.0,0.0,0.0,0.0,0.0,0.0,0.0,93.842
0,4294967295,108,43,PYPTO_relu_kernel_2d,N/A,N/A,N/A,1784178159456260.347	,171.363,0.000000,0,0,N/A,N/A,N/A,N/A,N/A,N/A,N/A,N/A,N/A,N/A,N/A,N/A,N/A,N/A,N/A,N/A,N/A,N/A,N/A,N/A,N/A,N/A,N/A,N/A,N/A,N/A,N/A,N/A,N/A,N/A,N/A,N/A,N/A
0,4294967295,109,42,PYPTO_relu_kernel_2d,N/A,N/A,N/A,1784178159456423.910	,73.861,0.000000,0,0,N/A,N/A,N/A,N/A,N/A,N/A,N/A,N/A,N/A,N/A,N/A,N/A,N/A,N/A,N/A,N/A,N/A,N/A,N/A,N/A,N/A,N/A,N/A,N/A,N/A,N/A,N/A,N/A,N/A,N/A,N/A,N/A,N/A
0,4294967295,109,46,PYPTO_relu_kernel_2d,N/A,N/A,N/A,1784178159456425.230	,156.103,0.000000,0,0,N/A,N/A,N/A,N/A,N/A,N/A,N/A,0,0.0,4817512,0.0,0.0,0.0,0.933,0.0,0.0,0.0,0.0,0.0,0.0,0.0,0.0,0,0.0,0.0,0.0,0.0,0.0,0.0,0.0,0.0,0.0,93.519
0,4294967295,110,43,PYPTO_relu_kernel_2d,N/A,N/A,N/A,1784178159456431.770	,156.623,0.000000,0,0,N/A,N/A,N/A,N/A,N/A,N/A,N/A,N/A,N/A,N/A,N/A,N/A,N/A,N/A,N/A,N/A,N/A,N/A,N/A,N/A,N/A,N/A,N/A,N/A,N/A,N/A,N/A,N/A,N/A,N/A,N/A,N/A,N/A
0,4294967295,111,42,PYPTO_relu_kernel_2d,N/A,N/A,N/A,1784178159456582.773	,62.161,0.000000,0,0,N/A,N/A,N/A,N/A,N/A,N/A,N/A,N/A,N/A,N/A,N/A,N/A,N/A,N/A,N/A,N/A,N/A,N/A,N/A,N/A,N/A,N/A,N/A,N/A,N/A,N/A,N/A,N/A,N/A,N/A,N/A,N/A,N/A
0,4294967295,111,46,PYPTO_relu_kernel_2d,N/A,N/A,N/A,1784178159456584.073	,139.723,0.000000,0,0,N/A,N/A,N/A,N/A,N/A,N/A,N/A,0,0.0,4267429,0.0,0.0,0.0,0.936,0.0,0.0,0.0,0.0,0.0,0.0,0.0,0.0,0,0.0,0.0,0.0,0.0,0.0,0.0,0.0,0.0,0.0,92.552
0,4294967295,112,43,PYPTO_relu_kernel_2d,N/A,N/A,N/A,1784178159456588.453	,138.703,0.000000,0,0,N/A,N/A,N/A,N/A,N/A,N/A,N/A,N/A,N/A,N/A,N/A,N/A,N/A,N/A,N/A,N/A,N/A,N/A,N/A,N/A,N/A,N/A,N/A,N/A,N/A,N/A,N/A,N/A,N/A,N/A,N/A,N/A,N/A
0,4294967295,113,42,PYPTO_relu_kernel_2d,N/A,N/A,N/A,1784178159456725.396	,82.902,0.000000,0,0,N/A,N/A,N/A,N/A,N/A,N/A,N/A,N/A,N/A,N/A,N/A,N/A,N/A,N/A,N/A,N/A,N/A,N/A,N/A,N/A,N/A,N/A,N/A,N/A,N/A,N/A,N/A,N/A,N/A,N/A,N/A,N/A,N/A
0,4294967295,113,46,PYPTO_relu_kernel_2d,N/A,N/A,N/A,1784178159456726.576	,158.783,0.000000,0,0,N/A,N/A,N/A,N/A,N/A,N/A,N/A,0,0.0,4914904,0.0,0.0,0.0,0.943,0.0,0.0,0.0,0.0,0.0,0.0,0.0,0.0,0,0.0,0.0,0.0,0.0,0.0,0.0,0.0,0.0,0.0,93.799
0,4294967295,114,43,PYPTO_relu_kernel_2d,N/A,N/A,N/A,1784178159456727.236	,164.083,0.000000,0,0,N/A,N/A,N/A,N/A,N/A,N/A,N/A,N/A,N/A,N/A,N/A,N/A,N/A,N/A,N/A,N/A,N/A,N/A,N/A,N/A,N/A,N/A,N/A,N/A,N/A,N/A,N/A,N/A,N/A,N/A,N/A,N/A,N/A
0,4294967295,115,42,PYPTO_relu_kernel_2d,N/A,N/A,N/A,1784178159456887.139	,71.322,0.000000,0,0,N/A,N/A,N/A,N/A,N/A,N/A,N/A,N/A,N/A,N/A,N/A,N/A,N/A,N/A,N/A,N/A,N/A,N/A,N/A,N/A,N/A,N/A,N/A,N/A,N/A,N/A,N/A,N/A,N/A,N/A,N/A,N/A,N/A
0,4294967295,115,46,PYPTO_relu_kernel_2d,N/A,N/A,N/A,1784178159456888.439	,150.283,0.000000,0,0,N/A,N/A,N/A,N/A,N/A,N/A,N/A,0,0.0,4610524,0.0,0.0,0.0,0.933,0.0,0.0,0.0,0.0,0.0,0.0,0.0,0.0,0,0.0,0.0,0.0,0.0,0.0,0.0,0.0,0.0,0.0,92.967
0,4294967295,116,43,PYPTO_relu_kernel_2d,N/A,N/A,N/A,1784178159456891.379	,154.503,0.000000,0,0,N/A,N/A,N/A,N/A,N/A,N/A,N/A,N/A,N/A,N/A,N/A,N/A,N/A,N/A,N/A,N/A,N/A,N/A,N/A,N/A,N/A,N/A,N/A,N/A,N/A,N/A,N/A,N/A,N/A,N/A,N/A,N/A,N/A
0,4294967295,117,42,PYPTO_relu_kernel_2d,N/A,N/A,N/A,1784178159457040.142	,62.121,0.000000,0,0,N/A,N/A,N/A,N/A,N/A,N/A,N/A,N/A,N/A,N/A,N/A,N/A,N/A,N/A,N/A,N/A,N/A,N/A,N/A,N/A,N/A,N/A,N/A,N/A,N/A,N/A,N/A,N/A,N/A,N/A,N/A,N/A,N/A
0,4294967295,117,46,PYPTO_relu_kernel_2d,N/A,N/A,N/A,1784178159457041.462	,138.343,0.000000,0,0,N/A,N/A,N/A,N/A,N/A,N/A,N/A,0,0.0,4203560,0.0,0.0,0.0,0.935,0.0,0.0,0.0,0.0,0.0,0.0,0.0,0.0,0,0.0,0.0,0.0,0.0,0.0,0.0,0.0,0.0,0.0,92.076
0,4294967295,118,43,PYPTO_relu_kernel_2d,N/A,N/A,N/A,1784178159457045.942	,137.143,0.000000,0,0,N/A,N/A,N/A,N/A,N/A,N/A,N/A,N/A,N/A,N/A,N/A,N/A,N/A,N/A,N/A,N/A,N/A,N/A,N/A,N/A,N/A,N/A,N/A,N/A,N/A,N/A,N/A,N/A,N/A,N/A,N/A,N/A,N/A
0,4294967295,119,42,PYPTO_relu_kernel_2d,N/A,N/A,N/A,1784178159457181.705	,87.262,0.000000,0,0,N/A,N/A,N/A,N/A,N/A,N/A,N/A,N/A,N/A,N/A,N/A,N/A,N/A,N/A,N/A,N/A,N/A,N/A,N/A,N/A,N/A,N/A,N/A,N/A,N/A,N/A,N/A,N/A,N/A,N/A,N/A,N/A,N/A
0,4294967295,119,46,PYPTO_relu_kernel_2d,N/A,N/A,N/A,1784178159457182.845	,163.783,0.000000,0,0,N/A,N/A,N/A,N/A,N/A,N/A,N/A,0,0.0,5073457,0.0,0.0,0.0,0.946,0.0,0.0,0.0,0.0,0.0,0.0,0.0,0.0,0,0.0,0.0,0.0,0.0,0.0,0.0,0.0,0.0,0.0,93.869
0,4294967295,120,43,PYPTO_relu_kernel_2d,N/A,N/A,N/A,1784178159457183.145	,169.623,0.000000,0,0,N/A,N/A,N/A,N/A,N/A,N/A,N/A,N/A,N/A,N/A,N/A,N/A,N/A,N/A,N/A,N/A,N/A,N/A,N/A,N/A,N/A,N/A,N/A,N/A,N/A,N/A,N/A,N/A,N/A,N/A,N/A,N/A,N/A
0,4294967295,121,42,PYPTO_relu_kernel_2d,N/A,N/A,N/A,1784178159457348.468	,73.702,0.000000,0,0,N/A,N/A,N/A,N/A,N/A,N/A,N/A,N/A,N/A,N/A,N/A,N/A,N/A,N/A,N/A,N/A,N/A,N/A,N/A,N/A,N/A,N/A,N/A,N/A,N/A,N/A,N/A,N/A,N/A,N/A,N/A,N/A,N/A
0,4294967295,121,46,PYPTO_relu_kernel_2d,N/A,N/A,N/A,1784178159457349.748	,157.143,0.000000,0,0,N/A,N/A,N/A,N/A,N/A,N/A,N/A,0,0.0,4849332,0.0,0.0,0.0,0.929,0.0,0.0,0.0,0.0,0.0,0.0,0.0,0.0,0,0.0,0.0,0.0,0.0,0.0,0.0,0.0,0.0,0.0,93.513
0,4294967295,122,43,PYPTO_relu_kernel_2d,N/A,N/A,N/A,1784178159457352.848	,160.024,0.000000,0,0,N/A,N/A,N/A,N/A,N/A,N/A,N/A,N/A,N/A,N/A,N/A,N/A,N/A,N/A,N/A,N/A,N/A,N/A,N/A,N/A,N/A,N/A,N/A,N/A,N/A,N/A,N/A,N/A,N/A,N/A,N/A,N/A,N/A
0,4294967295,123,42,PYPTO_relu_kernel_2d,N/A,N/A,N/A,1784178159457508.152	,65.001,0.000000,0,0,N/A,N/A,N/A,N/A,N/A,N/A,N/A,N/A,N/A,N/A,N/A,N/A,N/A,N/A,N/A,N/A,N/A,N/A,N/A,N/A,N/A,N/A,N/A,N/A,N/A,N/A,N/A,N/A,N/A,N/A,N/A,N/A,N/A
0,4294967295,123,46,PYPTO_relu_kernel_2d,N/A,N/A,N/A,1784178159457509.432	,144.902,0.000000,0,0,N/A,N/A,N/A,N/A,N/A,N/A,N/A,0,0.0,4418537,0.0,0.0,0.0,0.938,0.0,0.0,0.0,0.0,0.0,0.0,0.0,0.0,0,0.0,0.0,0.0,0.0,0.0,0.0,0.0,0.0,0.0,92.404
0,4294967295,124,43,PYPTO_relu_kernel_2d,N/A,N/A,N/A,1784178159457512.952	,144.582,0.000000,0,0,N/A,N/A,N/A,N/A,N/A,N/A,N/A,N/A,N/A,N/A,N/A,N/A,N/A,N/A,N/A,N/A,N/A,N/A,N/A,N/A,N/A,N/A,N/A,N/A,N/A,N/A,N/A,N/A,N/A,N/A,N/A,N/A,N/A
0,4294967295,125,42,PYPTO_relu_kernel_2d,N/A,N/A,N/A,1784178159457656.034	,88.982,0.000000,0,0,N/A,N/A,N/A,N/A,N/A,N/A,N/A,N/A,N/A,N/A,N/A,N/A,N/A,N/A,N/A,N/A,N/A,N/A,N/A,N/A,N/A,N/A,N/A,N/A,N/A,N/A,N/A,N/A,N/A,N/A,N/A,N/A,N/A
0,4294967295,125,46,PYPTO_relu_kernel_2d,N/A,N/A,N/A,1784178159457657.334	,163.144,0.000000,0,0,N/A,N/A,N/A,N/A,N/A,N/A,N/A,0,0.0,5048112,0.0,0.0,0.0,0.952,0.0,0.0,0.0,0.0,0.0,0.0,0.0,0.0,0,0.0,0.0,0.0,0.0,0.0,0.0,0.0,0.0,0.0,93.766
0,4294967295,126,43,PYPTO_relu_kernel_2d,N/A,N/A,N/A,1784178159457657.594	,168.924,0.000000,0,0,N/A,N/A,N/A,N/A,N/A,N/A,N/A,N/A,N/A,N/A,N/A,N/A,N/A,N/A,N/A,N/A,N/A,N/A,N/A,N/A,N/A,N/A,N/A,N/A,N/A,N/A,N/A,N/A,N/A,N/A,N/A,N/A,N/A
0,4294967295,127,42,PYPTO_relu_kernel_2d,N/A,N/A,N/A,1784178159457821.758	,72.481,0.000000,0,0,N/A,N/A,N/A,N/A,N/A,N/A,N/A,N/A,N/A,N/A,N/A,N/A,N/A,N/A,N/A,N/A,N/A,N/A,N/A,N/A,N/A,N/A,N/A,N/A,N/A,N/A,N/A,N/A,N/A,N/A,N/A,N/A,N/A
0,4294967295,127,46,PYPTO_relu_kernel_2d,N/A,N/A,N/A,1784178159457823.058	,155.883,0.000000,0,0,N/A,N/A,N/A,N/A,N/A,N/A,N/A,0,0.0,4805928,0.0,0.0,0.0,0.934,0.0,0.0,0.0,0.0,0.0,0.0,0.0,0.0,0,0.0,0.0,0.0,0.0,0.0,0.0,0.0,0.0,0.0,93.425
0,4294967295,128,43,PYPTO_relu_kernel_2d,N/A,N/A,N/A,1784178159457826.578	,156.203,0.000000,0,0,N/A,N/A,N/A,N/A,N/A,N/A,N/A,N/A,N/A,N/A,N/A,N/A,N/A,N/A,N/A,N/A,N/A,N/A,N/A,N/A,N/A,N/A,N/A,N/A,N/A,N/A,N/A,N/A,N/A,N/A,N/A,N/A,N/A
0,4294967295,129,42,PYPTO_relu_kernel_2d,N/A,N/A,N/A,1784178159457980.681	,58.161,0.000000,0,0,N/A,N/A,N/A,N/A,N/A,N/A,N/A,N/A,N/A,N/A,N/A,N/A,N/A,N/A,N/A,N/A,N/A,N/A,N/A,N/A,N/A,N/A,N/A,N/A,N/A,N/A,N/A,N/A,N/A,N/A,N/A,N/A,N/A
0,4294967295,129,46,PYPTO_relu_kernel_2d,N/A,N/A,N/A,1784178159457981.981	,136.243,0.000000,0,0,N/A,N/A,N/A,N/A,N/A,N/A,N/A,0,0.0,4175085,0.0,0.0,0.0,0.934,0.0,0.0,0.0,0.0,0.0,0.0,0.0,0.0,0,0.0,0.0,0.0,0.0,0.0,0.0,0.0,0.0,0.0,92.862
0,4294967295,130,43,PYPTO_relu_kernel_2d,N/A,N/A,N/A,1784178159457982.841	,138.803,0.000000,0,0,N/A,N/A,N/A,N/A,N/A,N/A,N/A,N/A,N/A,N/A,N/A,N/A,N/A,N/A,N/A,N/A,N/A,N/A,N/A,N/A,N/A,N/A,N/A,N/A,N/A,N/A,N/A,N/A,N/A,N/A,N/A,N/A,N/A
0,4294967295,131,42,PYPTO_relu_kernel_2d,N/A,N/A,N/A,1784178159458119.584	,90.302,0.000000,0,0,N/A,N/A,N/A,N/A,N/A,N/A,N/A,N/A,N/A,N/A,N/A,N/A,N/A,N/A,N/A,N/A,N/A,N/A,N/A,N/A,N/A,N/A,N/A,N/A,N/A,N/A,N/A,N/A,N/A,N/A,N/A,N/A,N/A
0,4294967295,131,46,PYPTO_relu_kernel_2d,N/A,N/A,N/A,1784178159458120.904	,164.803,0.000000,0,0,N/A,N/A,N/A,N/A,N/A,N/A,N/A,0,0.0,5113433,0.0,0.0,0.0,0.95,0.0,0.0,0.0,0.0,0.0,0.0,0.0,0.0,0,0.0,0.0,0.0,0.0,0.0,0.0,0.0,0.0,0.0,94.023
0,4294967295,132,43,PYPTO_relu_kernel_2d,N/A,N/A,N/A,1784178159458121.704	,171.983,0.000000,0,0,N/A,N/A,N/A,N/A,N/A,N/A,N/A,N/A,N/A,N/A,N/A,N/A,N/A,N/A,N/A,N/A,N/A,N/A,N/A,N/A,N/A,N/A,N/A,N/A,N/A,N/A,N/A,N/A,N/A,N/A,N/A,N/A,N/A
0,4294967295,133,42,PYPTO_relu_kernel_2d,N/A,N/A,N/A,1784178159458287.487	,73.322,0.000000,0,0,N/A,N/A,N/A,N/A,N/A,N/A,N/A,N/A,N/A,N/A,N/A,N/A,N/A,N/A,N/A,N/A,N/A,N/A,N/A,N/A,N/A,N/A,N/A,N/A,N/A,N/A,N/A,N/A,N/A,N/A,N/A,N/A,N/A
0,4294967295,133,46,PYPTO_relu_kernel_2d,N/A,N/A,N/A,1784178159458288.827	,147.743,0.000000,0,0,N/A,N/A,N/A,N/A,N/A,N/A,N/A,0,0.0,4547597,0.0,0.0,0.0,0.94,0.0,0.0,0.0,0.0,0.0,0.0,0.0,0.0,0,0.0,0.0,0.0,0.0,0.0,0.0,0.0,0.0,0.0,93.274
0,4294967295,134,43,PYPTO_relu_kernel_2d,N/A,N/A,N/A,1784178159458293.747	,148.963,0.000000,0,0,N/A,N/A,N/A,N/A,N/A,N/A,N/A,N/A,N/A,N/A,N/A,N/A,N/A,N/A,N/A,N/A,N/A,N/A,N/A,N/A,N/A,N/A,N/A,N/A,N/A,N/A,N/A,N/A,N/A,N/A,N/A,N/A,N/A
0,4294967295,135,42,PYPTO_relu_kernel_2d,N/A,N/A,N/A,1784178159458437.990	,80.062,0.000000,0,0,N/A,N/A,N/A,N/A,N/A,N/A,N/A,N/A,N/A,N/A,N/A,N/A,N/A,N/A,N/A,N/A,N/A,N/A,N/A,N/A,N/A,N/A,N/A,N/A,N/A,N/A,N/A,N/A,N/A,N/A,N/A,N/A,N/A
0,4294967295,135,46,PYPTO_relu_kernel_2d,N/A,N/A,N/A,1784178159458439.330	,157.363,0.000000,0,0,N/A,N/A,N/A,N/A,N/A,N/A,N/A,0,0.0,4849099,0.0,0.0,0.0,0.942,0.0,0.0,0.0,0.0,0.0,0.0,0.0,0.0,0,0.0,0.0,0.0,0.0,0.0,0.0,0.0,0.0,0.0,93.378
0,4294967295,136,43,PYPTO_relu_kernel_2d,N/A,N/A,N/A,1784178159458442.770	,157.483,0.000000,0,0,N/A,N/A,N/A,N/A,N/A,N/A,N/A,N/A,N/A,N/A,N/A,N/A,N/A,N/A,N/A,N/A,N/A,N/A,N/A,N/A,N/A,N/A,N/A,N/A,N/A,N/A,N/A,N/A,N/A,N/A,N/A,N/A,N/A
0,4294967295,137,42,PYPTO_relu_kernel_2d,N/A,N/A,N/A,1784178159458598.093	,76.402,0.000000,0,0,N/A,N/A,N/A,N/A,N/A,N/A,N/A,N/A,N/A,N/A,N/A,N/A,N/A,N/A,N/A,N/A,N/A,N/A,N/A,N/A,N/A,N/A,N/A,N/A,N/A,N/A,N/A,N/A,N/A,N/A,N/A,N/A,N/A
0,4294967295,137,46,PYPTO_relu_kernel_2d,N/A,N/A,N/A,1784178159458599.433	,150.063,0.000000,0,0,N/A,N/A,N/A,N/A,N/A,N/A,N/A,0,0.0,4628412,0.0,0.0,0.0,0.946,0.0,0.0,0.0,0.0,0.0,0.0,0.0,0.0,0,0.0,0.0,0.0,0.0,0.0,0.0,0.0,0.0,0.0,93.464
0,4294967295,138,43,PYPTO_relu_kernel_2d,N/A,N/A,N/A,1784178159458600.313	,155.943,0.000000,0,0,N/A,N/A,N/A,N/A,N/A,N/A,N/A,N/A,N/A,N/A,N/A,N/A,N/A,N/A,N/A,N/A,N/A,N/A,N/A,N/A,N/A,N/A,N/A,N/A,N/A,N/A,N/A,N/A,N/A,N/A,N/A,N/A,N/A
0,4294967295,139,42,PYPTO_relu_kernel_2d,N/A,N/A,N/A,1784178159458750.856	,81.242,0.000000,0,0,N/A,N/A,N/A,N/A,N/A,N/A,N/A,N/A,N/A,N/A,N/A,N/A,N/A,N/A,N/A,N/A,N/A,N/A,N/A,N/A,N/A,N/A,N/A,N/A,N/A,N/A,N/A,N/A,N/A,N/A,N/A,N/A,N/A
0,4294967295,139,46,PYPTO_relu_kernel_2d,N/A,N/A,N/A,1784178159458752.196	,165.424,0.000000,0,0,N/A,N/A,N/A,N/A,N/A,N/A,N/A,0,0.0,5118493,0.0,0.0,0.0,0.934,0.0,0.0,0.0,0.0,0.0,0.0,0.0,0.0,0,0.0,0.0,0.0,0.0,0.0,0.0,0.0,0.0,0.0,93.763
0,4294967295,140,43,PYPTO_relu_kernel_2d,N/A,N/A,N/A,1784178159458756.336	,169.044,0.000000,0,0,N/A,N/A,N/A,N/A,N/A,N/A,N/A,N/A,N/A,N/A,N/A,N/A,N/A,N/A,N/A,N/A,N/A,N/A,N/A,N/A,N/A,N/A,N/A,N/A,N/A,N/A,N/A,N/A,N/A,N/A,N/A,N/A,N/A
0,4294967295,141,42,PYPTO_relu_kernel_2d,N/A,N/A,N/A,1784178159458918.920	,80.981,0.000000,0,0,N/A,N/A,N/A,N/A,N/A,N/A,N/A,N/A,N/A,N/A,N/A,N/A,N/A,N/A,N/A,N/A,N/A,N/A,N/A,N/A,N/A,N/A,N/A,N/A,N/A,N/A,N/A,N/A,N/A,N/A,N/A,N/A,N/A
0,4294967295,141,46,PYPTO_relu_kernel_2d,N/A,N/A,N/A,1784178159458920.240	,157.303,0.000000,0,0,N/A,N/A,N/A,N/A,N/A,N/A,N/A,0,0.0,4852218,0.0,0.0,0.0,0.943,0.0,0.0,0.0,0.0,0.0,0.0,0.0,0.0,0,0.0,0.0,0.0,0.0,0.0,0.0,0.0,0.0,0.0,93.474
0,4294967295,142,43,PYPTO_relu_kernel_2d,N/A,N/A,N/A,1784178159458925.440	,155.783,0.000000,0,0,N/A,N/A,N/A,N/A,N/A,N/A,N/A,N/A,N/A,N/A,N/A,N/A,N/A,N/A,N/A,N/A,N/A,N/A,N/A,N/A,N/A,N/A,N/A,N/A,N/A,N/A,N/A,N/A,N/A,N/A,N/A,N/A,N/A
0,4294967295,143,42,PYPTO_relu_kernel_2d,N/A,N/A,N/A,1784178159459079.163	,90.762,0.000000,0,0,N/A,N/A,N/A,N/A,N/A,N/A,N/A,N/A,N/A,N/A,N/A,N/A,N/A,N/A,N/A,N/A,N/A,N/A,N/A,N/A,N/A,N/A,N/A,N/A,N/A,N/A,N/A,N/A,N/A,N/A,N/A,N/A,N/A
0,4294967295,143,46,PYPTO_relu_kernel_2d,N/A,N/A,N/A,1784178159459080.483	,164.543,0.000000,0,0,N/A,N/A,N/A,N/A,N/A,N/A,N/A,0,0.0,5122763,0.0,0.0,0.0,0.949,0.0,0.0,0.0,0.0,0.0,0.0,0.0,0.0,0,0.0,0.0,0.0,0.0,0.0,0.0,0.0,0.0,0.0,94.343
0,4294967295,144,43,PYPTO_relu_kernel_2d,N/A,N/A,N/A,1784178159459081.283	,172.683,0.000000,0,0,N/A,N/A,N/A,N/A,N/A,N/A,N/A,N/A,N/A,N/A,N/A,N/A,N/A,N/A,N/A,N/A,N/A,N/A,N/A,N/A,N/A,N/A,N/A,N/A,N/A,N/A,N/A,N/A,N/A,N/A,N/A,N/A,N/A
0,4294967295,145,42,PYPTO_relu_kernel_2d,N/A,N/A,N/A,1784178159459246.746	,73.662,0.000000,0,0,N/A,N/A,N/A,N/A,N/A,N/A,N/A,N/A,N/A,N/A,N/A,N/A,N/A,N/A,N/A,N/A,N/A,N/A,N/A,N/A,N/A,N/A,N/A,N/A,N/A,N/A,N/A,N/A,N/A,N/A,N/A,N/A,N/A
0,4294967295,145,46,PYPTO_relu_kernel_2d,N/A,N/A,N/A,1784178159459248.046	,150.203,0.000000,0,0,N/A,N/A,N/A,N/A,N/A,N/A,N/A,0,0.0,4609489,0.0,0.0,0.0,0.94,0.0,0.0,0.0,0.0,0.0,0.0,0.0,0.0,0,0.0,0.0,0.0,0.0,0.0,0.0,0.0,0.0,0.0,92.995
0,4294967295,146,43,PYPTO_relu_kernel_2d,N/A,N/A,N/A,1784178159459254.026	,151.043,0.000000,0,0,N/A,N/A,N/A,N/A,N/A,N/A,N/A,N/A,N/A,N/A,N/A,N/A,N/A,N/A,N/A,N/A,N/A,N/A,N/A,N/A,N/A,N/A,N/A,N/A,N/A,N/A,N/A,N/A,N/A,N/A,N/A,N/A,N/A
0,4294967295,147,42,PYPTO_relu_kernel_2d,N/A,N/A,N/A,1784178159459399.669	,67.042,0.000000,0,0,N/A,N/A,N/A,N/A,N/A,N/A,N/A,N/A,N/A,N/A,N/A,N/A,N/A,N/A,N/A,N/A,N/A,N/A,N/A,N/A,N/A,N/A,N/A,N/A,N/A,N/A,N/A,N/A,N/A,N/A,N/A,N/A,N/A
0,4294967295,147,46,PYPTO_relu_kernel_2d,N/A,N/A,N/A,1784178159459400.969	,145.503,0.000000,0,0,N/A,N/A,N/A,N/A,N/A,N/A,N/A,0,0.0,4448166,0.0,0.0,0.0,0.939,0.0,0.0,0.0,0.0,0.0,0.0,0.0,0.0,0,0.0,0.0,0.0,0.0,0.0,0.0,0.0,0.0,0.0,92.639
0,4294967295,148,43,PYPTO_relu_kernel_2d,N/A,N/A,N/A,1784178159459405.129	,145.043,0.000000,0,0,N/A,N/A,N/A,N/A,N/A,N/A,N/A,N/A,N/A,N/A,N/A,N/A,N/A,N/A,N/A,N/A,N/A,N/A,N/A,N/A,N/A,N/A,N/A,N/A,N/A,N/A,N/A,N/A,N/A,N/A,N/A,N/A,N/A
0,4294967295,149,42,PYPTO_relu_kernel_2d,N/A,N/A,N/A,1784178159459548.252	,90.762,0.000000,0,0,N/A,N/A,N/A,N/A,N/A,N/A,N/A,N/A,N/A,N/A,N/A,N/A,N/A,N/A,N/A,N/A,N/A,N/A,N/A,N/A,N/A,N/A,N/A,N/A,N/A,N/A,N/A,N/A,N/A,N/A,N/A,N/A,N/A
0,4294967295,149,46,PYPTO_relu_kernel_2d,N/A,N/A,N/A,1784178159459549.572	,163.324,0.000000,0,0,N/A,N/A,N/A,N/A,N/A,N/A,N/A,0,0.0,5066027,0.0,0.0,0.0,0.942,0.0,0.0,0.0,0.0,0.0,0.0,0.0,0.0,0,0.0,0.0,0.0,0.0,0.0,0.0,0.0,0.0,0.0,93.995
0,4294967295,150,43,PYPTO_relu_kernel_2d,N/A,N/A,N/A,1784178159459550.232	,169.584,0.000000,0,0,N/A,N/A,N/A,N/A,N/A,N/A,N/A,N/A,N/A,N/A,N/A,N/A,N/A,N/A,N/A,N/A,N/A,N/A,N/A,N/A,N/A,N/A,N/A,N/A,N/A,N/A,N/A,N/A,N/A,N/A,N/A,N/A,N/A
0,4294967295,151,42,PYPTO_relu_kernel_2d,N/A,N/A,N/A,1784178159459714.356	,69.441,0.000000,0,0,N/A,N/A,N/A,N/A,N/A,N/A,N/A,N/A,N/A,N/A,N/A,N/A,N/A,N/A,N/A,N/A,N/A,N/A,N/A,N/A,N/A,N/A,N/A,N/A,N/A,N/A,N/A,N/A,N/A,N/A,N/A,N/A,N/A
0,4294967295,151,46,PYPTO_relu_kernel_2d,N/A,N/A,N/A,1784178159459715.656	,150.183,0.000000,0,0,N/A,N/A,N/A,N/A,N/A,N/A,N/A,0,0.0,4606627,0.0,0.0,0.0,0.933,0.0,0.0,0.0,0.0,0.0,0.0,0.0,0.0,0,0.0,0.0,0.0,0.0,0.0,0.0,0.0,0.0,0.0,92.950
0,4294967295,152,43,PYPTO_relu_kernel_2d,N/A,N/A,N/A,1784178159459719.896	,152.163,0.000000,0,0,N/A,N/A,N/A,N/A,N/A,N/A,N/A,N/A,N/A,N/A,N/A,N/A,N/A,N/A,N/A,N/A,N/A,N/A,N/A,N/A,N/A,N/A,N/A,N/A,N/A,N/A,N/A,N/A,N/A,N/A,N/A,N/A,N/A
0,4294967295,153,42,PYPTO_relu_kernel_2d,N/A,N/A,N/A,1784178159459867.439	,78.381,0.000000,0,0,N/A,N/A,N/A,N/A,N/A,N/A,N/A,N/A,N/A,N/A,N/A,N/A,N/A,N/A,N/A,N/A,N/A,N/A,N/A,N/A,N/A,N/A,N/A,N/A,N/A,N/A,N/A,N/A,N/A,N/A,N/A,N/A,N/A
0,4294967295,153,46,PYPTO_relu_kernel_2d,N/A,N/A,N/A,1784178159459868.739	,154.543,0.000000,0,0,N/A,N/A,N/A,N/A,N/A,N/A,N/A,0,0.0,4764075,0.0,0.0,0.0,0.942,0.0,0.0,0.0,0.0,0.0,0.0,0.0,0.0,0,0.0,0.0,0.0,0.0,0.0,0.0,0.0,0.0,0.0,93.415
0,4294967295,154,43,PYPTO_relu_kernel_2d,N/A,N/A,N/A,1784178159459872.119	,154.383,0.000000,0,0,N/A,N/A,N/A,N/A,N/A,N/A,N/A,N/A,N/A,N/A,N/A,N/A,N/A,N/A,N/A,N/A,N/A,N/A,N/A,N/A,N/A,N/A,N/A,N/A,N/A,N/A,N/A,N/A,N/A,N/A,N/A,N/A,N/A
0,4294967295,155,42,PYPTO_relu_kernel_2d,N/A,N/A,N/A,1784178159460024.542	,83.141,0.000000,0,0,N/A,N/A,N/A,N/A,N/A,N/A,N/A,N/A,N/A,N/A,N/A,N/A,N/A,N/A,N/A,N/A,N/A,N/A,N/A,N/A,N/A,N/A,N/A,N/A,N/A,N/A,N/A,N/A,N/A,N/A,N/A,N/A,N/A
0,4294967295,155,46,PYPTO_relu_kernel_2d,N/A,N/A,N/A,1784178159460025.842	,154.823,0.000000,0,0,N/A,N/A,N/A,N/A,N/A,N/A,N/A,0,0.0,4791968,0.0,0.0,0.0,0.95,0.0,0.0,0.0,0.0,0.0,0.0,0.0,0.0,0,0.0,0.0,0.0,0.0,0.0,0.0,0.0,0.0,0.0,93.792
0,4294967295,156,43,PYPTO_relu_kernel_2d,N/A,N/A,N/A,1784178159460026.582	,162.983,0.000000,0,0,N/A,N/A,N/A,N/A,N/A,N/A,N/A,N/A,N/A,N/A,N/A,N/A,N/A,N/A,N/A,N/A,N/A,N/A,N/A,N/A,N/A,N/A,N/A,N/A,N/A,N/A,N/A,N/A,N/A,N/A,N/A,N/A,N/A
0,4294967295,157,42,PYPTO_relu_kernel_2d,N/A,N/A,N/A,1784178159460182.345	,77.801,0.000000,0,0,N/A,N/A,N/A,N/A,N/A,N/A,N/A,N/A,N/A,N/A,N/A,N/A,N/A,N/A,N/A,N/A,N/A,N/A,N/A,N/A,N/A,N/A,N/A,N/A,N/A,N/A,N/A,N/A,N/A,N/A,N/A,N/A,N/A
0,4294967295,157,46,PYPTO_relu_kernel_2d,N/A,N/A,N/A,1784178159460183.665	,155.863,0.000000,0,0,N/A,N/A,N/A,N/A,N/A,N/A,N/A,0,0.0,4819915,0.0,0.0,0.0,0.936,0.0,0.0,0.0,0.0,0.0,0.0,0.0,0.0,0,0.0,0.0,0.0,0.0,0.0,0.0,0.0,0.0,0.0,93.709
0,4294967295,158,43,PYPTO_relu_kernel_2d,N/A,N/A,N/A,1784178159460189.625	,157.323,0.000000,0,0,N/A,N/A,N/A,N/A,N/A,N/A,N/A,N/A,N/A,N/A,N/A,N/A,N/A,N/A,N/A,N/A,N/A,N/A,N/A,N/A,N/A,N/A,N/A,N/A,N/A,N/A,N/A,N/A,N/A,N/A,N/A,N/A,N/A
0,4294967295,159,42,PYPTO_relu_kernel_2d,N/A,N/A,N/A,1784178159460341.368	,76.022,0.000000,0,0,N/A,N/A,N/A,N/A,N/A,N/A,N/A,N/A,N/A,N/A,N/A,N/A,N/A,N/A,N/A,N/A,N/A,N/A,N/A,N/A,N/A,N/A,N/A,N/A,N/A,N/A,N/A,N/A,N/A,N/A,N/A,N/A,N/A
0,4294967295,159,46,PYPTO_relu_kernel_2d,N/A,N/A,N/A,1784178159460342.568	,154.283,0.000000,0,0,N/A,N/A,N/A,N/A,N/A,N/A,N/A,0,0.0,4741800,0.0,0.0,0.0,0.942,0.0,0.0,0.0,0.0,0.0,0.0,0.0,0.0,0,0.0,0.0,0.0,0.0,0.0,0.0,0.0,0.0,0.0,93.135
0,4294967295,160,43,PYPTO_relu_kernel_2d,N/A,N/A,N/A,1784178159460347.008	,153.123,0.000000,0,0,N/A,N/A,N/A,N/A,N/A,N/A,N/A,N/A,N/A,N/A,N/A,N/A,N/A,N/A,N/A,N/A,N/A,N/A,N/A,N/A,N/A,N/A,N/A,N/A,N/A,N/A,N/A,N/A,N/A,N/A,N/A,N/A,N/A
0,4294967295,161,42,PYPTO_relu_kernel_2d,N/A,N/A,N/A,1784178159460498.391	,91.502,0.000000,0,0,N/A,N/A,N/A,N/A,N/A,N/A,N/A,N/A,N/A,N/A,N/A,N/A,N/A,N/A,N/A,N/A,N/A,N/A,N/A,N/A,N/A,N/A,N/A,N/A,N/A,N/A,N/A,N/A,N/A,N/A,N/A,N/A,N/A
0,4294967295,161,46,PYPTO_relu_kernel_2d,N/A,N/A,N/A,1784178159460499.691	,165.504,0.000000,0,0,N/A,N/A,N/A,N/A,N/A,N/A,N/A,0,0.0,5117067,0.0,0.0,0.0,0.95,0.0,0.0,0.0,0.0,0.0,0.0,0.0,0.0,0,0.0,0.0,0.0,0.0,0.0,0.0,0.0,0.0,0.0,93.691
0,4294967295,162,43,PYPTO_relu_kernel_2d,N/A,N/A,N/A,1784178159460500.191	,169.624,0.000000,0,0,N/A,N/A,N/A,N/A,N/A,N/A,N/A,N/A,N/A,N/A,N/A,N/A,N/A,N/A,N/A,N/A,N/A,N/A,N/A,N/A,N/A,N/A,N/A,N/A,N/A,N/A,N/A,N/A,N/A,N/A,N/A,N/A,N/A
0,4294967295,163,42,PYPTO_relu_kernel_2d,N/A,N/A,N/A,1784178159460666.455	,73.461,0.000000,0,0,N/A,N/A,N/A,N/A,N/A,N/A,N/A,N/A,N/A,N/A,N/A,N/A,N/A,N/A,N/A,N/A,N/A,N/A,N/A,N/A,N/A,N/A,N/A,N/A,N/A,N/A,N/A,N/A,N/A,N/A,N/A,N/A,N/A
0,4294967295,163,46,PYPTO_relu_kernel_2d,N/A,N/A,N/A,1784178159460667.775	,157.563,0.000000,0,0,N/A,N/A,N/A,N/A,N/A,N/A,N/A,0,0.0,4848174,0.0,0.0,0.0,0.928,0.0,0.0,0.0,0.0,0.0,0.0,0.0,0.0,0,0.0,0.0,0.0,0.0,0.0,0.0,0.0,0.0,0.0,93.242
0,4294967295,164,43,PYPTO_relu_kernel_2d,N/A,N/A,N/A,1784178159460669.875	,163.003,0.000000,0,0,N/A,N/A,N/A,N/A,N/A,N/A,N/A,N/A,N/A,N/A,N/A,N/A,N/A,N/A,N/A,N/A,N/A,N/A,N/A,N/A,N/A,N/A,N/A,N/A,N/A,N/A,N/A,N/A,N/A,N/A,N/A,N/A,N/A
0,4294967295,165,42,PYPTO_relu_kernel_2d,N/A,N/A,N/A,1784178159460826.718	,84.822,0.000000,0,0,N/A,N/A,N/A,N/A,N/A,N/A,N/A,N/A,N/A,N/A,N/A,N/A,N/A,N/A,N/A,N/A,N/A,N/A,N/A,N/A,N/A,N/A,N/A,N/A,N/A,N/A,N/A,N/A,N/A,N/A,N/A,N/A,N/A
0,4294967295,165,46,PYPTO_relu_kernel_2d,N/A,N/A,N/A,1784178159460828.038	,163.283,0.000000,0,0,N/A,N/A,N/A,N/A,N/A,N/A,N/A,0,0.0,5046767,0.0,0.0,0.0,0.945,0.0,0.0,0.0,0.0,0.0,0.0,0.0,0.0,0,0.0,0.0,0.0,0.0,0.0,0.0,0.0,0.0,0.0,93.661
0,4294967295,166,43,PYPTO_relu_kernel_2d,N/A,N/A,N/A,1784178159460832.938	,161.643,0.000000,0,0,N/A,N/A,N/A,N/A,N/A,N/A,N/A,N/A,N/A,N/A,N/A,N/A,N/A,N/A,N/A,N/A,N/A,N/A,N/A,N/A,N/A,N/A,N/A,N/A,N/A,N/A,N/A,N/A,N/A,N/A,N/A,N/A,N/A
0,4294967295,167,42,PYPTO_relu_kernel_2d,N/A,N/A,N/A,1784178159460993.021	,90.082,0.000000,0,0,N/A,N/A,N/A,N/A,N/A,N/A,N/A,N/A,N/A,N/A,N/A,N/A,N/A,N/A,N/A,N/A,N/A,N/A,N/A,N/A,N/A,N/A,N/A,N/A,N/A,N/A,N/A,N/A,N/A,N/A,N/A,N/A,N/A
0,4294967295,167,46,PYPTO_relu_kernel_2d,N/A,N/A,N/A,1784178159460994.321	,167.103,0.000000,0,0,N/A,N/A,N/A,N/A,N/A,N/A,N/A,0,0.0,5178836,0.0,0.0,0.0,0.951,0.0,0.0,0.0,0.0,0.0,0.0,0.0,0.0,0,0.0,0.0,0.0,0.0,0.0,0.0,0.0,0.0,0.0,93.915
0,4294967295,168,43,PYPTO_relu_kernel_2d,N/A,N/A,N/A,1784178159460994.641	,173.344,0.000000,0,0,N/A,N/A,N/A,N/A,N/A,N/A,N/A,N/A,N/A,N/A,N/A,N/A,N/A,N/A,N/A,N/A,N/A,N/A,N/A,N/A,N/A,N/A,N/A,N/A,N/A,N/A,N/A,N/A,N/A,N/A,N/A,N/A,N/A
0,4294967295,169,42,PYPTO_relu_kernel_2d,N/A,N/A,N/A,1784178159461162.765	,67.441,0.000000,0,0,N/A,N/A,N/A,N/A,N/A,N/A,N/A,N/A,N/A,N/A,N/A,N/A,N/A,N/A,N/A,N/A,N/A,N/A,N/A,N/A,N/A,N/A,N/A,N/A,N/A,N/A,N/A,N/A,N/A,N/A,N/A,N/A,N/A
0,4294967295,169,46,PYPTO_relu_kernel_2d,N/A,N/A,N/A,1784178159461164.085	,147.142,0.000000,0,0,N/A,N/A,N/A,N/A,N/A,N/A,N/A,0,0.0,4525015,0.0,0.0,0.0,0.935,0.0,0.0,0.0,0.0,0.0,0.0,0.0,0.0,0,0.0,0.0,0.0,0.0,0.0,0.0,0.0,0.0,0.0,93.190
0,4294967295,170,43,PYPTO_relu_kernel_2d,N/A,N/A,N/A,1784178159461168.045	,149.743,0.000000,0,0,N/A,N/A,N/A,N/A,N/A,N/A,N/A,N/A,N/A,N/A,N/A,N/A,N/A,N/A,N/A,N/A,N/A,N/A,N/A,N/A,N/A,N/A,N/A,N/A,N/A,N/A,N/A,N/A,N/A,N/A,N/A,N/A,N/A
0,4294967295,171,42,PYPTO_relu_kernel_2d,N/A,N/A,N/A,1784178159461312.628	,82.441,0.000000,0,0,N/A,N/A,N/A,N/A,N/A,N/A,N/A,N/A,N/A,N/A,N/A,N/A,N/A,N/A,N/A,N/A,N/A,N/A,N/A,N/A,N/A,N/A,N/A,N/A,N/A,N/A,N/A,N/A,N/A,N/A,N/A,N/A,N/A
0,4294967295,171,46,PYPTO_relu_kernel_2d,N/A,N/A,N/A,1784178159461313.948	,162.623,0.000000,0,0,N/A,N/A,N/A,N/A,N/A,N/A,N/A,0,0.0,5015026,0.0,0.0,0.0,0.945,0.0,0.0,0.0,0.0,0.0,0.0,0.0,0.0,0,0.0,0.0,0.0,0.0,0.0,0.0,0.0,0.0,0.0,93.450
0,4294967295,172,43,PYPTO_relu_kernel_2d,N/A,N/A,N/A,1784178159461317.848	,161.843,0.000000,0,0,N/A,N/A,N/A,N/A,N/A,N/A,N/A,N/A,N/A,N/A,N/A,N/A,N/A,N/A,N/A,N/A,N/A,N/A,N/A,N/A,N/A,N/A,N/A,N/A,N/A,N/A,N/A,N/A,N/A,N/A,N/A,N/A,N/A
0,4294967295,173,42,PYPTO_relu_kernel_2d,N/A,N/A,N/A,1784178159461478.331	,89.542,0.000000,0,0,N/A,N/A,N/A,N/A,N/A,N/A,N/A,N/A,N/A,N/A,N/A,N/A,N/A,N/A,N/A,N/A,N/A,N/A,N/A,N/A,N/A,N/A,N/A,N/A,N/A,N/A,N/A,N/A,N/A,N/A,N/A,N/A,N/A
0,4294967295,173,46,PYPTO_relu_kernel_2d,N/A,N/A,N/A,1784178159461479.651	,166.903,0.000000,0,0,N/A,N/A,N/A,N/A,N/A,N/A,N/A,0,0.0,5172396,0.0,0.0,0.0,0.942,0.0,0.0,0.0,0.0,0.0,0.0,0.0,0.0,0,0.0,0.0,0.0,0.0,0.0,0.0,0.0,0.0,0.0,93.910
0,4294967295,174,43,PYPTO_relu_kernel_2d,N/A,N/A,N/A,1784178159461479.751	,173.643,0.000000,0,0,N/A,N/A,N/A,N/A,N/A,N/A,N/A,N/A,N/A,N/A,N/A,N/A,N/A,N/A,N/A,N/A,N/A,N/A,N/A,N/A,N/A,N/A,N/A,N/A,N/A,N/A,N/A,N/A,N/A,N/A,N/A,N/A,N/A
0,4294967295,175,42,PYPTO_relu_kernel_2d,N/A,N/A,N/A,1784178159461648.214	,73.062,0.000000,0,0,N/A,N/A,N/A,N/A,N/A,N/A,N/A,N/A,N/A,N/A,N/A,N/A,N/A,N/A,N/A,N/A,N/A,N/A,N/A,N/A,N/A,N/A,N/A,N/A,N/A,N/A,N/A,N/A,N/A,N/A,N/A,N/A,N/A
0,4294967295,175,46,PYPTO_relu_kernel_2d,N/A,N/A,N/A,1784178159461649.534	,150.323,0.000000,0,0,N/A,N/A,N/A,N/A,N/A,N/A,N/A,0,0.0,4630054,0.0,0.0,0.0,0.94,0.0,0.0,0.0,0.0,0.0,0.0,0.0,0.0,0,0.0,0.0,0.0,0.0,0.0,0.0,0.0,0.0,0.0,93.335
0,4294967295,176,43,PYPTO_relu_kernel_2d,N/A,N/A,N/A,1784178159461653.454	,152.423,0.000000,0,0,N/A,N/A,N/A,N/A,N/A,N/A,N/A,N/A,N/A,N/A,N/A,N/A,N/A,N/A,N/A,N/A,N/A,N/A,N/A,N/A,N/A,N/A,N/A,N/A,N/A,N/A,N/A,N/A,N/A,N/A,N/A,N/A,N/A
0,4294967295,177,42,PYPTO_relu_kernel_2d,N/A,N/A,N/A,1784178159461801.697	,76.742,0.000000,0,0,N/A,N/A,N/A,N/A,N/A,N/A,N/A,N/A,N/A,N/A,N/A,N/A,N/A,N/A,N/A,N/A,N/A,N/A,N/A,N/A,N/A,N/A,N/A,N/A,N/A,N/A,N/A,N/A,N/A,N/A,N/A,N/A,N/A
0,4294967295,177,46,PYPTO_relu_kernel_2d,N/A,N/A,N/A,1784178159461802.977	,154.343,0.000000,0,0,N/A,N/A,N/A,N/A,N/A,N/A,N/A,0,0.0,4764468,0.0,0.0,0.0,0.942,0.0,0.0,0.0,0.0,0.0,0.0,0.0,0.0,0,0.0,0.0,0.0,0.0,0.0,0.0,0.0,0.0,0.0,93.543
0,4294967295,178,43,PYPTO_relu_kernel_2d,N/A,N/A,N/A,1784178159461805.937	,154.783,0.000000,0,0,N/A,N/A,N/A,N/A,N/A,N/A,N/A,N/A,N/A,N/A,N/A,N/A,N/A,N/A,N/A,N/A,N/A,N/A,N/A,N/A,N/A,N/A,N/A,N/A,N/A,N/A,N/A,N/A,N/A,N/A,N/A,N/A,N/A
0,4294967295,179,42,PYPTO_relu_kernel_2d,N/A,N/A,N/A,1784178159461959.140	,91.122,0.000000,0,0,N/A,N/A,N/A,N/A,N/A,N/A,N/A,N/A,N/A,N/A,N/A,N/A,N/A,N/A,N/A,N/A,N/A,N/A,N/A,N/A,N/A,N/A,N/A,N/A,N/A,N/A,N/A,N/A,N/A,N/A,N/A,N/A,N/A
0,4294967295,179,46,PYPTO_relu_kernel_2d,N/A,N/A,N/A,1784178159461960.280	,165.164,0.000000,0,0,N/A,N/A,N/A,N/A,N/A,N/A,N/A,0,0.0,5141888,0.0,0.0,0.0,0.941,0.0,0.0,0.0,0.0,0.0,0.0,0.0,0.0,0,0.0,0.0,0.0,0.0,0.0,0.0,0.0,0.0,0.0,94.339
0,4294967295,180,43,PYPTO_relu_kernel_2d,N/A,N/A,N/A,1784178159461960.780	,172.604,0.000000,0,0,N/A,N/A,N/A,N/A,N/A,N/A,N/A,N/A,N/A,N/A,N/A,N/A,N/A,N/A,N/A,N/A,N/A,N/A,N/A,N/A,N/A,N/A,N/A,N/A,N/A,N/A,N/A,N/A,N/A,N/A,N/A,N/A,N/A
0,4294967295,181,42,PYPTO_relu_kernel_2d,N/A,N/A,N/A,1784178159462127.064	,68.741,0.000000,0,0,N/A,N/A,N/A,N/A,N/A,N/A,N/A,N/A,N/A,N/A,N/A,N/A,N/A,N/A,N/A,N/A,N/A,N/A,N/A,N/A,N/A,N/A,N/A,N/A,N/A,N/A,N/A,N/A,N/A,N/A,N/A,N/A,N/A
0,4294967295,181,46,PYPTO_relu_kernel_2d,N/A,N/A,N/A,1784178159462128.364	,148.903,0.000000,0,0,N/A,N/A,N/A,N/A,N/A,N/A,N/A,0,0.0,4579933,0.0,0.0,0.0,0.931,0.0,0.0,0.0,0.0,0.0,0.0,0.0,0.0,0,0.0,0.0,0.0,0.0,0.0,0.0,0.0,0.0,0.0,93.206
0,4294967295,182,43,PYPTO_relu_kernel_2d,N/A,N/A,N/A,1784178159462133.464	,150.363,0.000000,0,0,N/A,N/A,N/A,N/A,N/A,N/A,N/A,N/A,N/A,N/A,N/A,N/A,N/A,N/A,N/A,N/A,N/A,N/A,N/A,N/A,N/A,N/A,N/A,N/A,N/A,N/A,N/A,N/A,N/A,N/A,N/A,N/A,N/A
0,4294967295,183,42,PYPTO_relu_kernel_2d,N/A,N/A,N/A,1784178159462278.887	,77.921,0.000000,0,0,N/A,N/A,N/A,N/A,N/A,N/A,N/A,N/A,N/A,N/A,N/A,N/A,N/A,N/A,N/A,N/A,N/A,N/A,N/A,N/A,N/A,N/A,N/A,N/A,N/A,N/A,N/A,N/A,N/A,N/A,N/A,N/A,N/A
0,4294967295,183,46,PYPTO_relu_kernel_2d,N/A,N/A,N/A,1784178159462280.087	,155.203,0.000000,0,0,N/A,N/A,N/A,N/A,N/A,N/A,N/A,0,0.0,4779374,0.0,0.0,0.0,0.941,0.0,0.0,0.0,0.0,0.0,0.0,0.0,0.0,0,0.0,0.0,0.0,0.0,0.0,0.0,0.0,0.0,0.0,93.316
0,4294967295,184,43,PYPTO_relu_kernel_2d,N/A,N/A,N/A,1784178159462283.887	,154.643,0.000000,0,0,N/A,N/A,N/A,N/A,N/A,N/A,N/A,N/A,N/A,N/A,N/A,N/A,N/A,N/A,N/A,N/A,N/A,N/A,N/A,N/A,N/A,N/A,N/A,N/A,N/A,N/A,N/A,N/A,N/A,N/A,N/A,N/A,N/A
0,4294967295,185,42,PYPTO_relu_kernel_2d,N/A,N/A,N/A,1784178159462437.090	,91.462,0.000000,0,0,N/A,N/A,N/A,N/A,N/A,N/A,N/A,N/A,N/A,N/A,N/A,N/A,N/A,N/A,N/A,N/A,N/A,N/A,N/A,N/A,N/A,N/A,N/A,N/A,N/A,N/A,N/A,N/A,N/A,N/A,N/A,N/A,N/A
0,4294967295,185,46,PYPTO_relu_kernel_2d,N/A,N/A,N/A,1784178159462438.370	,170.263,0.000000,0,0,N/A,N/A,N/A,N/A,N/A,N/A,N/A,0,0.0,5277112,0.0,0.0,0.0,0.953,0.0,0.0,0.0,0.0,0.0,0.0,0.0,0.0,0,0.0,0.0,0.0,0.0,0.0,0.0,0.0,0.0,0.0,93.921
0,4294967295,186,43,PYPTO_relu_kernel_2d,N/A,N/A,N/A,1784178159462438.590	,176.384,0.000000,0,0,N/A,N/A,N/A,N/A,N/A,N/A,N/A,N/A,N/A,N/A,N/A,N/A,N/A,N/A,N/A,N/A,N/A,N/A,N/A,N/A,N/A,N/A,N/A,N/A,N/A,N/A,N/A,N/A,N/A,N/A,N/A,N/A,N/A
0,4294967295,187,42,PYPTO_relu_kernel_2d,N/A,N/A,N/A,1784178159462609.973	,63.582,0.000000,0,0,N/A,N/A,N/A,N/A,N/A,N/A,N/A,N/A,N/A,N/A,N/A,N/A,N/A,N/A,N/A,N/A,N/A,N/A,N/A,N/A,N/A,N/A,N/A,N/A,N/A,N/A,N/A,N/A,N/A,N/A,N/A,N/A,N/A
0,4294967295,187,46,PYPTO_relu_kernel_2d,N/A,N/A,N/A,1784178159462611.293	,145.443,0.000000,0,0,N/A,N/A,N/A,N/A,N/A,N/A,N/A,0,0.0,4447831,0.0,0.0,0.0,0.929,0.0,0.0,0.0,0.0,0.0,0.0,0.0,0.0,0,0.0,0.0,0.0,0.0,0.0,0.0,0.0,0.0,0.0,92.671
0,4294967295,188,43,PYPTO_relu_kernel_2d,N/A,N/A,N/A,1784178159462615.034	,148.042,0.000000,0,0,N/A,N/A,N/A,N/A,N/A,N/A,N/A,N/A,N/A,N/A,N/A,N/A,N/A,N/A,N/A,N/A,N/A,N/A,N/A,N/A,N/A,N/A,N/A,N/A,N/A,N/A,N/A,N/A,N/A,N/A,N/A,N/A,N/A
0,4294967295,189,42,PYPTO_relu_kernel_2d,N/A,N/A,N/A,1784178159462758.036	,70.822,0.000000,0,0,N/A,N/A,N/A,N/A,N/A,N/A,N/A,N/A,N/A,N/A,N/A,N/A,N/A,N/A,N/A,N/A,N/A,N/A,N/A,N/A,N/A,N/A,N/A,N/A,N/A,N/A,N/A,N/A,N/A,N/A,N/A,N/A,N/A
0,4294967295,189,46,PYPTO_relu_kernel_2d,N/A,N/A,N/A,1784178159462759.336	,148.943,0.000000,0,0,N/A,N/A,N/A,N/A,N/A,N/A,N/A,0,0.0,4552743,0.0,0.0,0.0,0.94,0.0,0.0,0.0,0.0,0.0,0.0,0.0,0.0,0,0.0,0.0,0.0,0.0,0.0,0.0,0.0,0.0,0.0,92.627
0,4294967295,190,43,PYPTO_relu_kernel_2d,N/A,N/A,N/A,1784178159462763.136	,148.543,0.000000,0,0,N/A,N/A,N/A,N/A,N/A,N/A,N/A,N/A,N/A,N/A,N/A,N/A,N/A,N/A,N/A,N/A,N/A,N/A,N/A,N/A,N/A,N/A,N/A,N/A,N/A,N/A,N/A,N/A,N/A,N/A,N/A,N/A,N/A
0,4294967295,191,42,PYPTO_relu_kernel_2d,N/A,N/A,N/A,1784178159462909.639	,91.182,0.000000,0,0,N/A,N/A,N/A,N/A,N/A,N/A,N/A,N/A,N/A,N/A,N/A,N/A,N/A,N/A,N/A,N/A,N/A,N/A,N/A,N/A,N/A,N/A,N/A,N/A,N/A,N/A,N/A,N/A,N/A,N/A,N/A,N/A,N/A
0,4294967295,191,46,PYPTO_relu_kernel_2d,N/A,N/A,N/A,1784178159462910.939	,166.364,0.000000,0,0,N/A,N/A,N/A,N/A,N/A,N/A,N/A,0,0.0,5143611,0.0,0.0,0.0,0.954,0.0,0.0,0.0,0.0,0.0,0.0,0.0,0.0,0,0.0,0.0,0.0,0.0,0.0,0.0,0.0,0.0,0.0,93.690
0,4294967295,192,43,PYPTO_relu_kernel_2d,N/A,N/A,N/A,1784178159462911.739	,170.664,0.000000,0,0,N/A,N/A,N/A,N/A,N/A,N/A,N/A,N/A,N/A,N/A,N/A,N/A,N/A,N/A,N/A,N/A,N/A,N/A,N/A,N/A,N/A,N/A,N/A,N/A,N/A,N/A,N/A,N/A,N/A,N/A,N/A,N/A,N/A
0,4294967295,193,42,PYPTO_relu_kernel_2d,N/A,N/A,N/A,1784178159463078.923	,70.421,0.000000,0,0,N/A,N/A,N/A,N/A,N/A,N/A,N/A,N/A,N/A,N/A,N/A,N/A,N/A,N/A,N/A,N/A,N/A,N/A,N/A,N/A,N/A,N/A,N/A,N/A,N/A,N/A,N/A,N/A,N/A,N/A,N/A,N/A,N/A
0,4294967295,193,46,PYPTO_relu_kernel_2d,N/A,N/A,N/A,1784178159463080.223	,146.163,0.000000,0,0,N/A,N/A,N/A,N/A,N/A,N/A,N/A,0,0.0,4493932,0.0,0.0,0.0,0.935,0.0,0.0,0.0,0.0,0.0,0.0,0.0,0.0,0,0.0,0.0,0.0,0.0,0.0,0.0,0.0,0.0,0.0,93.170
0,4294967295,194,43,PYPTO_relu_kernel_2d,N/A,N/A,N/A,1784178159463082.463	,149.423,0.000000,0,0,N/A,N/A,N/A,N/A,N/A,N/A,N/A,N/A,N/A,N/A,N/A,N/A,N/A,N/A,N/A,N/A,N/A,N/A,N/A,N/A,N/A,N/A,N/A,N/A,N/A,N/A,N/A,N/A,N/A,N/A,N/A,N/A,N/A
0,4294967295,195,42,PYPTO_relu_kernel_2d,N/A,N/A,N/A,1784178159463228.126	,82.601,0.000000,0,0,N/A,N/A,N/A,N/A,N/A,N/A,N/A,N/A,N/A,N/A,N/A,N/A,N/A,N/A,N/A,N/A,N/A,N/A,N/A,N/A,N/A,N/A,N/A,N/A,N/A,N/A,N/A,N/A,N/A,N/A,N/A,N/A,N/A
0,4294967295,195,46,PYPTO_relu_kernel_2d,N/A,N/A,N/A,1784178159463229.466	,162.843,0.000000,0,0,N/A,N/A,N/A,N/A,N/A,N/A,N/A,0,0.0,5003671,0.0,0.0,0.0,0.946,0.0,0.0,0.0,0.0,0.0,0.0,0.0,0.0,0,0.0,0.0,0.0,0.0,0.0,0.0,0.0,0.0,0.0,93.112
0,4294967295,196,43,PYPTO_relu_kernel_2d,N/A,N/A,N/A,1784178159463231.946	,164.043,0.000000,0,0,N/A,N/A,N/A,N/A,N/A,N/A,N/A,N/A,N/A,N/A,N/A,N/A,N/A,N/A,N/A,N/A,N/A,N/A,N/A,N/A,N/A,N/A,N/A,N/A,N/A,N/A,N/A,N/A,N/A,N/A,N/A,N/A,N/A
0,4294967295,197,42,PYPTO_relu_kernel_2d,N/A,N/A,N/A,1784178159463393.949	,93.902,0.000000,0,0,N/A,N/A,N/A,N/A,N/A,N/A,N/A,N/A,N/A,N/A,N/A,N/A,N/A,N/A,N/A,N/A,N/A,N/A,N/A,N/A,N/A,N/A,N/A,N/A,N/A,N/A,N/A,N/A,N/A,N/A,N/A,N/A,N/A
0,4294967295,197,46,PYPTO_relu_kernel_2d,N/A,N/A,N/A,1784178159463395.269	,170.704,0.000000,0,0,N/A,N/A,N/A,N/A,N/A,N/A,N/A,0,0.0,5301546,0.0,0.0,0.0,0.941,0.0,0.0,0.0,0.0,0.0,0.0,0.0,0.0,0,0.0,0.0,0.0,0.0,0.0,0.0,0.0,0.0,0.0,94.112
0,4294967295,198,43,PYPTO_relu_kernel_2d,N/A,N/A,N/A,1784178159463396.049	,176.784,0.000000,0,0,N/A,N/A,N/A,N/A,N/A,N/A,N/A,N/A,N/A,N/A,N/A,N/A,N/A,N/A,N/A,N/A,N/A,N/A,N/A,N/A,N/A,N/A,N/A,N/A,N/A,N/A,N/A,N/A,N/A,N/A,N/A,N/A,N/A
0,4294967295,199,42,PYPTO_relu_kernel_2d,N/A,N/A,N/A,1784178159463567.613	,72.301,0.000000,0,0,N/A,N/A,N/A,N/A,N/A,N/A,N/A,N/A,N/A,N/A,N/A,N/A,N/A,N/A,N/A,N/A,N/A,N/A,N/A,N/A,N/A,N/A,N/A,N/A,N/A,N/A,N/A,N/A,N/A,N/A,N/A,N/A,N/A
0,4294967295,199,46,PYPTO_relu_kernel_2d,N/A,N/A,N/A,1784178159463568.933	,152.543,0.000000,0,0,N/A,N/A,N/A,N/A,N/A,N/A,N/A,0,0.0,4685712,0.0,0.0,0.0,0.932,0.0,0.0,0.0,0.0,0.0,0.0,0.0,0.0,0,0.0,0.0,0.0,0.0,0.0,0.0,0.0,0.0,0.0,93.083
0,4294967295,200,43,PYPTO_relu_kernel_2d,N/A,N/A,N/A,1784178159463572.893	,155.723,0.000000,0,0,N/A,N/A,N/A,N/A,N/A,N/A,N/A,N/A,N/A,N/A,N/A,N/A,N/A,N/A,N/A,N/A,N/A,N/A,N/A,N/A,N/A,N/A,N/A,N/A,N/A,N/A,N/A,N/A,N/A,N/A,N/A,N/A,N/A
